0.6717
0.6717
0.6717
0.6717
0.6717
0.6717
0.6717
0.6717
0.6717
0.6717
0.6717
0.6717
0.6717
0.6717
0.6717
0.67171
0.67171
0.67171
0.67171
0.67171
0.67171
0.67171
0.67171
0.67172
0.67172
0.67172
0.67172
0.67172
0.67172
0.67173
0.67173
0.67173
0.67173
0.67173
0.67174
0.67174
0.67174
0.67174
0.67174
0.67175
0.67175
0.67175
0.67175
0.67176
0.67176
0.67176
0.67177
0.67177
0.67177
0.67177
0.67178
0.67178
0.67178
0.67179
0.67179
0.67179
0.6718
0.6718
0.6718
0.67181
0.67181
0.67182
0.67182
0.67182
0.67183
0.67183
0.67184
0.67184
0.67184
0.67185
0.67185
0.67186
0.67186
0.67187
0.67187
0.67187
0.67188
0.67188
0.67189
0.67189
0.6719
0.6719
0.67191
0.67191
0.67192
0.67192
0.67193
0.67193
0.67194
0.67195
0.67195
0.67196
0.67196
0.67197
0.67197
0.67198
0.67199
0.67199
0.672
0.672
0.67201
0.67202
0.67202
0.67203
0.67204
0.67204
0.67205
0.67205
0.67206
0.67207
0.67207
0.67208
0.67209
0.6721
0.6721
0.67211
0.67212
0.67212
0.67213
0.67214
0.67215
0.67215
0.67216
0.67217
0.67218
0.67218
0.67219
0.6722
0.67221
0.67222
0.67222
0.67223
0.67224
0.67225
0.67226
0.67226
0.67227
0.67228
0.67229
0.6723
0.67231
0.67232
0.67232
0.67233
0.67234
0.67235
0.67236
0.67237
0.67238
0.67239
0.6724
0.67241
0.67242
0.67243
0.67243
0.67244
0.67245
0.67246
0.67247
0.67248
0.67249
0.6725
0.67251
0.67252
0.67253
0.67254
0.67255
0.67256
0.67257
0.67258
0.6726
0.67261
0.67262
0.67263
0.67264
0.67265
0.67266
0.67267
0.67268
0.67269
0.6727
0.67271
0.67273
0.67274
0.67275
0.67276
0.67277
0.67278
0.67279
0.67281
0.67282
0.67283
0.67284
0.67285
0.67287
0.67288
0.67289
0.6729
0.67291
0.67293
0.67294
0.67295
0.67296
0.67298
0.67299
0.673
0.67301
0.67303
0.67304
0.67305
0.67307
0.67308
0.67309
0.67311
0.67312
0.67313
0.67315
0.67316
0.67317
0.67319
0.6732
0.67321
0.67323
0.67324
0.67326
0.67327
0.67328
0.6733
0.67331
0.67333
0.67334
0.67335
0.67337
0.67338
0.6734
0.67341
0.67343
0.67344
0.67346
0.67347
0.67349
0.6735
0.67352
0.67353
0.67355
0.67356
0.67358
0.67359
0.67361
0.67362
0.67364
0.67365
0.67367
0.67369
0.6737
0.67372
0.67373
0.67375
0.67376
0.67378
0.6738
0.67381
0.67383
0.67385
0.67386
0.67388
0.6739
0.67391
0.67393
0.67395
0.67396
0.67398
0.674
0.67401
0.67403
0.67405
0.67406
0.67408
0.6741
0.67412
0.67413
0.67415
0.67417
0.67419
0.6742
0.67422
0.67424
0.67426
0.67428
0.67429
0.67431
0.67433
0.67435
0.67437
0.67438
0.6744
0.67442
0.67444
0.67446
0.67448
0.6745
0.67451
0.67453
0.67455
0.67457
0.67459
0.67461
0.67463
0.67465
0.67467
0.67469
0.67471
0.67472
0.67474
0.67476
0.67478
0.6748
0.67482
0.67484
0.67486
0.67488
0.6749
0.67492
0.67494
0.67496
0.67498
0.675
0.67502
0.67504
0.67507
0.67509
0.67511
0.67513
0.67515
0.67517
0.67519
0.67521
0.67523
0.67525
0.67527
0.6753
0.67532
0.67534
0.67536
0.67538
0.6754
0.67542
0.67545
0.67547
0.67549
0.67551
0.67553
0.67556
0.67558
0.6756
0.67562
0.67564
0.67567
0.67569
0.67571
0.67573
0.67576
0.67578
0.6758
0.67583
0.67585
0.67587
0.67589
0.67592
0.67594
0.67596
0.67599
0.67601
0.67603
0.67606
0.67608
0.6761
0.67613
0.67615
0.67618
0.6762
0.67622
0.67625
0.67627
0.6763
0.67632
0.67634
0.67637
0.67639
0.67642
0.67644
0.67647
0.67649
0.67652
0.67654
0.67656
0.67659
0.67661
0.67664
0.67666
0.67669
0.67671
0.67674
0.67677
0.67679
0.67682
0.67684
0.67687
0.67689
0.67692
0.67694
0.67697
0.677
0.67702
0.67705
0.67707
0.6771
0.67713
0.67715
0.67718
0.67721
0.67723
0.67726
0.67729
0.67731
0.67734
0.67737
0.67739
0.67742
0.67745
0.67747
0.6775
0.67753
0.67756
0.67758
0.67761
0.67764
0.67767
0.67769
0.67772
0.67775
0.67778
0.67781
0.67783
0.67786
0.67789
0.67792
0.67795
0.67797
0.678
0.67803
0.67806
0.67809
0.67812
0.67815
0.67817
0.6782
0.67823
0.67826
0.67829
0.67832
0.67835
0.67838
0.67841
0.67844
0.67847
0.6785
0.67853
0.67856
0.67859
0.67861
0.67864
0.67867
0.6787
0.67873
0.67876
0.6788
0.67883
0.67886
0.67889
0.67892
0.67895
0.67898
0.67901
0.67904
0.67907
0.6791
0.67913
0.67916
0.67919
0.67922
0.67926
0.67929
0.67932
0.67935
0.67938
0.67941
0.67944
0.67948
0.67951
0.67954
0.67957
0.6796
0.67964
0.67967
0.6797
0.67973
0.67976
0.6798
0.67983
0.67986
0.67989
0.67993
0.67996
0.67999
0.68003
0.68006
0.68009
0.68012
0.68016
0.68019
0.68022
0.68026
0.68029
0.68032
0.68036
0.68039
0.68042
0.68046
0.68049
0.68053
0.68056
0.68059
0.68063
0.68066
0.6807
0.68073
0.68076
0.6808
0.68083
0.68087
0.6809
0.68094
0.68097
0.68101
0.68104
0.68108
0.68111
0.68115
0.68118
0.68122
0.68125
0.68129
0.68132
0.68136
0.6814
0.68143
0.68147
0.6815
0.68154
0.68157
0.68161
0.68165
0.68168
0.68172
0.68175
0.68179
0.68183
0.68186
0.6819
0.68194
0.68197
0.68201
0.68205
0.68208
0.68212
0.68216
0.6822
0.68223
0.68227
0.68231
0.68234
0.68238
0.68242
0.68246
0.6825
0.68253
0.68257
0.68261
0.68265
0.68268
0.68272
0.68276
0.6828
0.68284
0.68288
0.68291
0.68295
0.68299
0.68303
0.68307
0.68311
0.68315
0.68319
0.68322
0.68326
0.6833
0.68334
0.68338
0.68342
0.68346
0.6835
0.68354
0.68358
0.68362
0.68366
0.6837
0.68374
0.68378
0.68382
0.68386
0.6839
0.68394
0.68398
0.68402
0.68406
0.6841
0.68414
0.68418
0.68422
0.68426
0.68431
0.68435
0.68439
0.68443
0.68447
0.68451
0.68455
0.68459
0.68464
0.68468
0.68472
0.68476
0.6848
0.68484
0.68489
0.68493
0.68497
0.68501
0.68505
0.6851
0.68514
0.68518
0.68522
0.68527
0.68531
0.68535
0.6854
0.68544
0.68548
0.68552
0.68557
0.68561
0.68565
0.6857
0.68574
0.68578
0.68583
0.68587
0.68592
0.68596
0.686
0.68605
0.68609
0.68613
0.68618
0.68622
0.68627
0.68631
0.68636
0.6864
0.68645
0.68649
0.68653
0.68658
0.68662
0.68667
0.68671
0.68676
0.6868
0.68685
0.6869
0.68694
0.68699
0.68703
0.68708
0.68712
0.68717
0.68721
0.68726
0.68731
0.68735
0.6874
0.68745
0.68749
0.68754
0.68758
0.68763
0.68768
0.68772
0.68777
0.68782
0.68786
0.68791
0.68796
0.68801
0.68805
0.6881
0.68815
0.68819
0.68824
0.68829
0.68834
0.68839
0.68843
0.68848
0.68853
0.68858
0.68863
0.68867
0.68872
0.68877
0.68882
0.68887
0.68892
0.68896
0.68901
0.68906
0.68911
0.68916
0.68921
0.68926
0.68931
0.68936
0.68941
0.68945
0.6895
0.68955
0.6896
0.68965
0.6897
0.68975
0.6898
0.68985
0.6899
0.68995
0.69
0.69005
0.6901
0.69015
0.69021
0.69026
0.69031
0.69036
0.69041
0.69046
0.69051
0.69056
0.69061
0.69066
0.69072
0.69077
0.69082
0.69087
0.69092
0.69097
0.69102
0.69108
0.69113
0.69118
0.69123
0.69128
0.69134
0.69139
0.69144
0.69149
0.69155
0.6916
0.69165
0.69171
0.69176
0.69181
0.69186
0.69192
0.69197
0.69202
0.69208
0.69213
0.69218
0.69224
0.69229
0.69235
0.6924
0.69245
0.69251
0.69256
0.69262
0.69267
0.69272
0.69278
0.69283
0.69289
0.69294
0.693
0.69305
0.69311
0.69316
0.69322
0.69327
0.69333
0.69338
0.69344
0.69349
0.69355
0.6936
0.69366
0.69372
0.69377
0.69383
0.69388
0.69394
0.694
0.69405
0.69411
0.69416
0.69422
0.69428
0.69433
0.69439
0.69445
0.6945
0.69456
0.69462
0.69468
0.69473
0.69479
0.69485
0.69491
0.69496
0.69502
0.69508
0.69514
0.69519
0.69525
0.69531
0.69537
0.69543
0.69549
0.69554
0.6956
0.69566
0.69572
0.69578
0.69584
0.6959
0.69595
0.69601
0.69607
0.69613
0.69619
0.69625
0.69631
0.69637
0.69643
0.69649
0.69655
0.69661
0.69667
0.69673
0.69679
0.69685
0.69691
0.69697
0.69703
0.69709
0.69715
0.69721
0.69727
0.69733
0.6974
0.69746
0.69752
0.69758
0.69764
0.6977
0.69776
0.69782
0.69789
0.69795
0.69801
0.69807
0.69813
0.6982
0.69826
0.69832
0.69838
0.69845
0.69851
0.69857
0.69863
0.6987
0.69876
0.69882
0.69888
0.69895
0.69901
0.69907
0.69914
0.6992
0.69926
0.69933
0.69939
0.69946
0.69952
0.69958
0.69965
0.69971
0.69978
0.69984
0.69991
0.69997
0.70003
0.7001
0.70016
0.70023
0.70029
0.70036
0.70042
0.70049
0.70055
0.70062
0.70069
0.70075
0.70082
0.70088
0.70095
0.70101
0.70108
0.70115
0.70121
0.70128
0.70135
0.70141
0.70148
0.70155
0.70161
0.70168
0.70175
0.70181
0.70188
0.70195
0.70201
0.70208
0.70215
0.70222
0.70228
0.70235
0.70242
0.70249
0.70256
0.70262
0.70269
0.70276
0.70283
0.7029
0.70297
0.70303
0.7031
0.70317
0.70324
0.70331
0.70338
0.70345
0.70352
0.70359
0.70366
0.70373
0.7038
0.70387
0.70394
0.70401
0.70408
0.70415
0.70422
0.70429
0.70436
0.70443
0.7045
0.70457
0.70464
0.70471
0.70478
0.70485
0.70492
0.70499
0.70507
0.70514
0.70521
0.70528
0.70535
0.70542
0.7055
0.70557
0.70564
0.70571
0.70578
0.70586
0.70593
0.706
0.70607
0.70615
0.70622
0.70629
0.70637
0.70644
0.70651
0.70659
0.70666
0.70673
0.70681
0.70688
0.70695
0.70703
0.7071
0.70718
0.70725
0.70732
0.7074
0.70747
0.70755
0.70762
0.7077
0.70777
0.70785
0.70792
0.708
0.70807
0.70815
0.70822
0.7083
0.70838
0.70845
0.70853
0.7086
0.70868
0.70876
0.70883
0.70891
0.70898
0.70906
0.70914
0.70921
0.70929
0.70937
0.70945
0.70952
0.7096
0.70968
0.70975
0.70983
0.70991
0.70999
0.71007
0.71014
0.71022
0.7103
0.71038
0.71046
0.71053
0.71061
0.71069
0.71077
0.71085
0.71093
0.71101
0.71109
0.71117
0.71125
0.71133
0.7114
0.71148
0.71156
0.71164
0.71172
0.7118
0.71188
0.71196
0.71205
0.71213
0.71221
0.71229
0.71237
0.71245
0.71253
0.71261
0.71269
0.71277
0.71286
0.71294
0.71302
0.7131
0.71318
0.71326
0.71335
0.71343
0.71351
0.71359
0.71368
0.71376
0.71384
0.71392
0.71401
0.71409
0.71417
0.71426
0.71434
0.71442
0.71451
0.71459
0.71467
0.71476
0.71484
0.71493
0.71501
0.7151
0.71518
0.71526
0.71535
0.71543
0.71552
0.7156
0.71569
0.71577
0.71586
0.71595
0.71603
0.71612
0.7162
0.71629
0.71637
0.71646
0.71655
0.71663
0.71672
0.71681
0.71689
0.71698
0.71707
0.71715
0.71724
0.71733
0.71742
0.7175
0.71759
0.71768
0.71777
0.71785
0.71794
0.71803
0.71812
0.71821
0.7183
0.71838
0.71847
0.71856
0.71865
0.71874
0.71883
0.71892
0.71901
0.7191
0.71919
0.71928
0.71937
0.71946
0.71955
0.71964
0.71973
0.71982
0.71991
0.72
0.72009
0.72018
0.72027
0.72036
0.72045
0.72055
0.72064
0.72073
0.72082
0.72091
0.72101
0.7211
0.72119
0.72128
0.72137
0.72147
0.72156
0.72165
0.72175
0.72184
0.72193
0.72203
0.72212
0.72221
0.72231
0.7224
0.72249
0.72259
0.72268
0.72278
0.72287
0.72297
0.72306
0.72316
0.72325
0.72335
0.72344
0.72354
0.72363
0.72373
0.72382
0.72392
0.72401
0.72411
0.72421
0.7243
0.7244
0.7245
0.72459
0.72469
0.72479
0.72488
0.72498
0.72508
0.72518
0.72527
0.72537
0.72547
0.72557
0.72567
0.72576
0.72586
0.72596
0.72606
0.72616
0.72626
0.72636
0.72646
0.72656
0.72665
0.72675
0.72685
0.72695
0.72705
0.72715
0.72725
0.72735
0.72746
0.72756
0.72766
0.72776
0.72786
0.72796
0.72806
0.72816
0.72826
0.72837
0.72847
0.72857
0.72867
0.72877
0.72888
0.72898
0.72908
0.72919
0.72929
0.72939
0.72949
0.7296
0.7297
0.72981
0.72991
0.73001
0.73012
0.73022
0.73033
0.73043
0.73053
0.73064
0.73074
0.73085
0.73096
0.73106
0.73117
0.73127
0.73138
0.73148
0.73159
0.7317
0.7318
0.73191
0.73202
0.73212
0.73223
0.73234
0.73244
0.73255
0.73266
0.73277
0.73287
0.73298
0.73309
0.7332
0.73331
0.73342
0.73352
0.73363
0.73374
0.73385
0.73396
0.73407
0.73418
0.73429
0.7344
0.73451
0.73462
0.73473
0.73484
0.73495
0.73506
0.73518
0.73529
0.7354
0.73551
0.73562
0.73573
0.73585
0.73596
0.73607
0.73618
0.7363
0.73641
0.73652
0.73664
0.73675
0.73686
0.73698
0.73709
0.7372
0.73732
0.73743
0.73755
0.73766
0.73778
0.73789
0.73801
0.73812
0.73824
0.73835
0.73847
0.73859
0.7387
0.73882
0.73893
0.73905
0.73917
0.73928
0.7394
0.73952
0.73964
0.73975
0.73987
0.73999
0.74011
0.74023
0.74035
0.74046
0.74058
0.7407
0.74082
0.74094
0.74106
0.74118
0.7413
0.74142
0.74154
0.74166
0.74178
0.7419
0.74203
0.74215
0.74227
0.74239
0.74251
0.74263
0.74276
0.74288
0.743
0.74312
0.74325
0.74337
0.74349
0.74362
0.74374
0.74387
0.74399
0.74411
0.74424
0.74436
0.74449
0.74461
0.74474
0.74487
0.74499
0.74512
0.74524
0.74537
0.7455
0.74562
0.74575
0.74588
0.746
0.74613
0.74626
0.74639
0.74652
0.74664
0.74677
0.7469
0.74703
0.74716
0.74729
0.74742
0.74755
0.74768
0.74781
0.74794
0.74807
0.7482
0.74834
0.74847
0.7486
0.74873
0.74886
0.749
0.74913
0.74926
0.74939
0.74953
0.74966
0.74979
0.74993
0.75006
0.7502
0.75033
0.75047
0.7506
0.75074
0.75087
0.75101
0.75115
0.75128
0.75142
0.75156
0.75169
0.75183
0.75197
0.75211
0.75224
0.75238
0.75252
0.75266
0.7528
0.75294
0.75308
0.75322
0.75336
0.7535
0.75364
0.75378
0.75392
0.75406
0.75421
0.75435
0.75449
0.75463
0.75478
0.75492
0.75506
0.75521
0.75535
0.75549
0.75564
0.75578
0.75593
0.75607
0.75622
0.75637
0.75651
0.75666
0.75681
0.75695
0.7571
0.75725
0.7574
0.75755
0.75769
0.75784
0.75799
0.75814
0.75829
0.75844
0.75859
0.75875
0.7589
0.75905
0.7592
0.75935
0.75951
0.75966
0.75981
0.75997
0.76012
0.76027
0.76043
0.76058
0.76074
0.7609
0.76105
0.76121
0.76137
0.76152
0.76168
0.76184
0.762
0.76216
0.76232
0.76248
0.76264
0.7628
0.76296
0.76312
0.76328
0.76345
0.76361
0.76377
0.76393
0.7641
0.76426
0.76443
0.76459
0.76476
0.76492
0.76509
0.76526
0.76543
0.76559
0.76576
0.76593
0.7661
0.76627
0.76644
0.76661
0.76678
0.76696
0.76713
0.7673
0.76748
0.76765
0.76782
0.768
0.76818
0.76835
0.76853
0.76871
0.76888
0.76906
0.76924
0.76942
0.7696
0.76979
0.76997
0.77015
0.77033
0.77052
0.7707
0.77089
0.77107
0.77126
0.77145
0.77164
0.77183
0.77202
0.77221
0.7724
0.77259
0.77278
0.77298
0.77317
0.77337
0.77357
0.77377
0.77396
0.77416
0.77436
0.77457
0.77477
0.77497
0.77518
0.77539
0.77559
0.7758
0.77601
0.77622
0.77644
0.77665
0.77687
0.77708
0.7773
0.77752
0.77775
0.77797
0.7782
0.77842
0.77865
0.77889
0.77912
0.77936
0.77959
0.77984
0.78008
0.78033
0.78058
0.78083
0.78109
0.78136
0.78162
0.7819
0.78218
0.78247
0.78277
0.78308
0.7834
0.78377
0.78414
0.7845
0.78482
0.78513
0.78542
0.78571
0.78598
0.78626
0.78652
0.78679
0.78704
0.7873
0.78755
0.78779
0.78804
0.78828
0.78852
0.78876
0.78899
0.78922
0.78945
0.78968
0.7899
0.79012
0.79034
0.79056
0.79078
0.791
0.79121
0.79142
0.79163
0.79184
0.79205
0.79226
0.79247
0.79267
0.79288
0.79308
0.79328
0.79348
0.79368
0.79388
0.79408
0.79428
0.79448
0.79467
0.79487
0.79506
0.79525
0.79544
0.79564
0.79583
0.79602
0.79621
0.79639
0.79658
0.79676
0.79695
0.79713
0.79731
0.79749
0.79768
0.79786
0.79804
0.79822
0.7984
0.79858
0.79876
0.79893
0.79911
0.79929
0.79946
0.79964
0.79981
0.79999
0.80016
0.80033
0.80051
0.80068
0.80085
0.80102
0.80119
0.80137
0.80154
0.80171
0.80188
0.80205
0.80221
0.80238
0.80254
0.80271
0.80287
0.80304
0.80319
0.80332
0.80362
0.80375
0.80391
0.80408
0.80424
0.80441
0.80457
0.80473
0.80489
0.80505
0.80521
0.80536
0.80552
0.80568
0.80584
0.80599
0.80615
0.8063
0.80645
0.8066
0.80675
0.8069
0.80706
0.80721
0.80736
0.8075
0.80765
0.8078
0.80794
0.80809
0.80823
0.80838
0.80852
0.80867
0.80881
0.80895
0.80909
0.80923
0.80937
0.80951
0.80965
0.80979
0.80993
0.81007
0.8102
0.81034
0.81047
0.81061
0.81074
0.81087
0.811
0.81114
0.81127
0.8114
0.81154
0.81167
0.81179
0.81192
0.81205
0.81217
0.8123
0.81243
0.81255
0.81268
0.8128
0.81293
0.81305
0.81317
0.81329
0.81341
0.81353
0.81365
0.81377
0.81389
0.81401
0.81412
0.81423
0.81435
0.81446
0.81457
0.81469
0.8148
0.81491
0.81502
0.81512
0.81523
0.81533
0.81543
0.81554
0.81564
0.81574
0.81584
0.81594
0.81603
0.81612
0.81621
0.81629
0.81636
0.81641
0.81641
0.81676
0.81676
0.81682
0.8169
0.81699
0.81708
0.81717
0.81726
0.81735
0.81744
0.81754
0.81763
0.81773
0.81782
0.81791
0.81801
0.81811
0.8182
0.8183
0.81839
0.81849
0.81858
0.81868
0.81877
0.81887
0.81896
0.81906
0.81915
0.81924
0.81934
0.81943
0.81952
0.81962
0.81971
0.8198
0.8199
0.81999
0.82008
0.82017
0.82026
0.82035
0.82044
0.82053
0.82062
0.82071
0.8208
0.82088
0.82097
0.82106
0.82114
0.82123
0.82131
0.8214
0.82148
0.82156
0.82164
0.82173
0.82181
0.82189
0.82197
0.82204
0.82212
0.8222
0.82227
0.82235
0.82242
0.8225
0.82257
0.82264
0.82271
0.82278
0.82284
0.82291
0.82297
0.82304
0.8231
0.82316
0.82322
0.82327
0.82333
0.82338
0.82343
0.82348
0.82352
0.82356
0.8236
0.82364
0.82367
0.82369
0.82372
0.82374
0.82375
0.82376
0.82375
0.82372
0.82367
0.8236
0.82355
0.82351
0.82339
0.82379
0.82369
0.82368
0.8237
0.82373
0.82376
0.8238
0.82384
0.82389
0.82394
0.82399
0.82405
0.8241
0.82416
0.82423
0.82429
0.82436
0.82443
0.8245
0.82457
0.82464
0.82472
0.8248
0.82488
0.82496
0.82504
0.82512
0.8252
0.82529
0.82537
0.82546
0.82555
0.82564
0.82573
0.82582
0.82592
0.82601
0.82611
0.8262
0.8263
0.8264
0.8265
0.8266
0.8267
0.8268
0.82691
0.82701
0.82711
0.82722
0.82733
0.82743
0.82754
0.82765
0.82776
0.82787
0.82798
0.82809
0.8282
0.82832
0.82843
0.82855
0.82866
0.82878
0.8289
0.82901
0.82913
0.82925
0.82937
0.82949
0.82961
0.82973
0.82986
0.82998
0.8301
0.83023
0.83035
0.83048
0.8306
0.83073
0.83086
0.83098
0.83111
0.83124
0.83137
0.8315
0.83163
0.83176
0.83189
0.83203
0.83216
0.83229
0.83243
0.83256
0.83269
0.83283
0.83296
0.83309
0.83321
0.83332
0.83335
0.83387
0.83389
0.83401
0.83413
0.83427
0.83441
0.83455
0.83469
0.83483
0.83497
0.83512
0.83526
0.83541
0.83555
0.8357
0.83585
0.836
0.83614
0.83629
0.83644
0.83659
0.83674
0.8369
0.83705
0.8372
0.83735
0.83751
0.83766
0.83781
0.83797
0.83813
0.83828
0.83844
0.8386
0.83875
0.83891
0.83907
0.83923
0.83939
0.83955
0.83971
0.83987
0.84003
0.8402
0.84036
0.84052
0.84069
0.84085
0.84102
0.84118
0.84135
0.84151
0.84168
0.84185
0.84202
0.84218
0.84235
0.84252
0.84269
0.84286
0.84304
0.84321
0.84338
0.84355
0.84373
0.8439
0.84407
0.84425
0.84443
0.8446
0.84478
0.84496
0.84513
0.84531
0.84549
0.84567
0.84585
0.84603
0.84621
0.84639
0.84657
0.84676
0.84694
0.84712
0.84731
0.84749
0.84768
0.84786
0.84805
0.84823
0.84842
0.84861
0.84879
0.84898
0.84917
0.84936
0.84954
0.84972
0.84988
0.84996
0.85054
0.85062
0.85078
0.85097
0.85115
0.85135
0.85154
0.85174
0.85193
0.85213
0.85233
0.85253
0.85273
0.85293
0.85314
0.85334
0.85354
0.85375
0.85395
0.85416
0.85437
0.85457
0.85478
0.85499
0.8552
0.85541
0.85562
0.85584
0.85605
0.85626
0.85648
0.85669
0.85691
0.85713
0.85735
0.85756
0.85778
0.858
0.85823
0.85845
0.85867
0.8589
0.85912
0.85935
0.85957
0.8598
0.86003
0.86026
0.86049
0.86073
0.86096
0.86119
0.86143
0.86167
0.8619
0.86214
0.86238
0.86263
0.86287
0.86311
0.86336
0.86361
0.86386
0.86411
0.86436
0.86461
0.86487
0.86512
0.86538
0.86564
0.86591
0.86617
0.86644
0.86671
0.86698
0.86726
0.86754
0.86782
0.86811
0.8684
0.86869
0.86899
0.8693
0.86961
0.86994
0.87028
0.87065
0.87103
0.87137
0.8717
0.87202
0.87233
0.87263
0.87293
0.87322
0.8735
0.87378
0.87406
0.87431
0.87447
0.87514
0.87529
0.87554
0.8758
0.87606
0.87633
0.87659
0.87686
0.87712
0.87739
0.87765
0.87791
0.87817
0.87843
0.87869
0.87894
0.8792
0.87946
0.87971
0.87997
0.88022
0.88047
0.88073
0.88098
0.88123
0.88148
0.88173
0.88198
0.88223
0.88248
0.88273
0.88298
0.88322
0.88347
0.88372
0.88396
0.88421
0.88446
0.8847
0.88494
0.88519
0.88544
0.88568
0.88593
0.88617
0.88642
0.88666
0.88691
0.88715
0.8874
0.88764
0.88788
0.88813
0.88837
0.88861
0.88886
0.8891
0.88934
0.88959
0.88983
0.89007
0.89032
0.89056
0.8908
0.89105
0.89129
0.89154
0.89178
0.89202
0.89227
0.89251
0.89276
0.893
0.89325
0.8935
0.89374
0.89399
0.89424
0.89449
0.89474
0.895
0.89525
0.89551
0.89578
0.89605
0.89631
0.89656
0.89682
0.89707
0.89731
0.89756
0.8978
0.89805
0.89829
0.89852
0.89876
0.89899
0.89921
0.89942
0.8995
0.90025
0.90033
0.90053
0.90075
0.90098
0.90121
0.90144
0.90167
0.9019
0.90213
0.90236
0.90259
0.90282
0.90305
0.90329
0.90352
0.90375
0.90398
0.90421
0.90444
0.90467
0.9049
0.90513
0.90536
0.90558
0.90581
0.90604
0.90627
0.9065
0.90672
0.90695
0.90718
0.9074
0.90763
0.90785
0.90808
0.9083
0.90853
0.90875
0.90898
0.9092
0.90943
0.90965
0.90988
0.9101
0.91032
0.91055
0.91077
0.91099
0.91121
0.91144
0.91166
0.91188
0.9121
0.91232
0.91255
0.91277
0.91299
0.91321
0.91343
0.91365
0.91387
0.91409
0.91431
0.91453
0.91475
0.91497
0.91519
0.91541
0.91563
0.91585
0.91607
0.91628
0.9165
0.91672
0.91694
0.91716
0.91737
0.91759
0.91781
0.91803
0.91824
0.91846
0.91868
0.91889
0.91911
0.91933
0.91954
0.91976
0.91997
0.92019
0.9204
0.92061
0.92082
0.92104
0.92124
0.92145
0.92164
0.92181
0.92183
0.92268
0.9227
0.92287
0.92306
0.92327
0.92347
0.92368
0.92389
0.9241
0.92432
0.92453
0.92474
0.92495
0.92517
0.92538
0.92559
0.9258
0.92601
0.92623
0.92644
0.92665
0.92686
0.92707
0.92729
0.9275
0.92771
0.92792
0.92813
0.92834
0.92855
0.92877
0.92898
0.92919
0.9294
0.92961
0.92982
0.93003
0.93024
0.93045
0.93066
0.93087
0.93108
0.93129
0.9315
0.93171
0.93191
0.93212
0.93233
0.93254
0.93275
0.93295
0.93316
0.93337
0.93357
0.93378
0.93399
0.93419
0.9344
0.9346
0.93481
0.93501
0.93522
0.93542
0.93562
0.93582
0.93603
0.93623
0.93643
0.93663
0.93683
0.93702
0.93722
0.93742
0.93761
0.9378
0.93799
0.93818
0.93836
0.93854
0.93873
0.93892
0.93911
0.9393
0.9395
0.9397
0.9399
0.94009
0.94029
0.94049
0.94069
0.94089
0.9411
0.9413
0.94149
0.94169
0.94189
0.94208
0.94226
0.94241
0.94239
0.94336
0.94333
0.94349
0.94367
0.94387
0.94407
0.94427
0.94447
0.94468
0.94489
0.9451
0.94531
0.94552
0.94573
0.94594
0.94615
0.94637
0.94658
0.94679
0.947
0.94721
0.94743
0.94764
0.94786
0.94807
0.94829
0.9485
0.94871
0.94893
0.94915
0.94936
0.94958
0.9498
0.95001
0.95023
0.95044
0.95066
0.95088
0.9511
0.95131
0.95153
0.95175
0.95196
0.95218
0.9524
0.95262
0.95284
0.95306
0.95328
0.9535
0.95372
0.95394
0.95415
0.95437
0.95459
0.95481
0.95503
0.95525
0.95547
0.95569
0.95591
0.95613
0.95635
0.95657
0.95679
0.95701
0.95723
0.95745
0.95767
0.95789
0.95811
0.95833
0.95855
0.95876
0.95898
0.95919
0.95941
0.95963
0.95985
0.96007
0.96029
0.96051
0.96074
0.96096
0.96118
0.96141
0.96163
0.96185
0.96208
0.9623
0.96253
0.96275
0.96297
0.9632
0.96342
0.96363
0.96385
0.96405
0.96421
0.96418
0.96527
0.96524
0.9654
0.96561
0.96582
0.96604
0.96627
0.96649
0.96672
0.96695
0.96718
0.96741
0.96764
0.96787
0.9681
0.96834
0.96857
0.96881
0.96904
0.96927
0.96951
0.96974
0.96998
0.97022
0.97045
0.97069
0.97092
0.97116
0.9714
0.97163
0.97187
0.97211
0.97235
0.97259
0.97283
0.97306
0.9733
0.97354
0.97378
0.97402
0.97426
0.9745
0.97474
0.97499
0.97523
0.97547
0.97571
0.97595
0.97619
0.97643
0.97668
0.97692
0.97717
0.97741
0.97765
0.9779
0.97814
0.97839
0.97863
0.97888
0.97912
0.97937
0.97961
0.97986
0.9801
0.98035
0.9806
0.98085
0.98109
0.98134
0.98158
0.98183
0.98208
0.98233
0.98258
0.98283
0.98308
0.98332
0.98358
0.98383
0.98408
0.98432
0.98457
0.98483
0.98508
0.98533
0.98558
0.98583
0.98608
0.98633
0.98658
0.98683
0.98708
0.98733
0.98757
0.98781
0.98805
0.98827
0.98845
0.98842
0.98964
0.9896
0.98978
0.99001
0.99025
0.99049
0.99074
0.99099
0.99125
0.9915
0.99175
0.99201
0.99227
0.99253
0.99278
0.99304
0.9933
0.99356
0.99382
0.99408
0.99434
0.9946
0.99486
0.99512
0.99538
0.99564
0.99591
0.99617
0.99643
0.99669
0.99696
0.99722
0.99748
0.99775
0.99801
0.99828
0.99854
0.99881
0.99907
0.99934
0.9996
0.99987
1.00014
1.0004
1.00067
1.00093
1.0012
1.00147
1.00174
1.00201
1.00228
1.00255
1.00282
1.00309
1.00336
1.00363
1.0039
1.00417
1.00444
1.00471
1.00498
1.00526
1.00553
1.0058
1.00607
1.00634
1.00662
1.00689
1.00717
1.00744
1.00771
1.00799
1.00826
1.00854
1.00881
1.00909
1.00937
1.00964
1.00991
1.01019
1.01047
1.01075
1.01103
1.0113
1.01158
1.01185
1.01213
1.01241
1.01269
1.01297
1.01325
1.01352
1.0138
1.01407
1.01435
1.01462
1.01488
1.01512
1.01533
1.01529
1.01663
1.0166
1.0168
1.01705
1.01731
1.01759
1.01786
1.01814
1.01842
1.01871
1.01899
1.01927
1.01956
1.01984
1.02013
1.02042
1.0207
1.02099
1.02128
1.02157
1.02186
1.02215
1.02244
1.02273
1.02302
1.02331
1.0236
1.02389
1.02419
1.02448
1.02477
1.02506
1.02535
1.02565
1.02595
1.02624
1.02654
1.02683
1.02713
1.02742
1.02772
1.02802
1.02831
1.02861
1.02891
1.02921
1.0295
1.0298
1.0301
1.0304
1.0307
1.031
1.0313
1.0316
1.03191
1.03221
1.03251
1.03281
1.03312
1.03342
1.03372
1.03403
1.03433
1.03464
1.03494
1.03525
1.03556
1.03586
1.03617
1.03648
1.03678
1.03709
1.0374
1.03771
1.03801
1.03832
1.03863
1.03894
1.03925
1.03956
1.03987
1.04018
1.04049
1.0408
1.04111
1.04142
1.04173
1.04204
1.04235
1.04266
1.04297
1.04328
1.04359
1.0439
1.0442
1.0445
1.0448
1.04507
1.0453
1.04527
1.04674
1.04671
1.04694
1.04722
1.04752
1.04782
1.04813
1.04844
1.04876
1.04908
1.04939
1.04971
1.05003
1.05035
1.05067
1.05099
1.05131
1.05164
1.05196
1.05228
1.0526
1.05293
1.05325
1.05358
1.0539
1.05423
1.05456
1.05488
1.05521
1.05554
1.05586
1.05619
1.05652
1.05685
1.05718
1.05751
1.05784
1.05817
1.05851
1.05884
1.05917
1.0595
1.05983
1.06017
1.0605
1.06083
1.06117
1.0615
1.06184
1.06217
1.06251
1.06285
1.06318
1.06352
1.06386
1.0642
1.06454
1.06488
1.06522
1.06556
1.0659
1.06624
1.06658
1.06692
1.06726
1.06761
1.06795
1.06829
1.06864
1.06898
1.06932
1.06967
1.07002
1.07036
1.07071
1.07105
1.0714
1.07175
1.0721
1.07244
1.07279
1.07314
1.07349
1.07384
1.07419
1.07453
1.07488
1.07523
1.07558
1.07593
1.07628
1.07663
1.07698
1.07733
1.07767
1.07801
1.07834
1.07866
1.07892
1.0789
1.08051
1.08049
1.08075
1.08107
1.0814
1.08175
1.0821
1.08245
1.08281
1.08317
1.08352
1.08389
1.08424
1.08461
1.08497
1.08533
1.0857
1.08606
1.08642
1.08679
1.08716
1.08752
1.08789
1.08826
1.08863
1.089
1.08937
1.08974
1.09011
1.09048
1.09085
1.09123
1.0916
1.09197
1.09235
1.09272
1.09309
1.09347
1.09385
1.09422
1.0946
1.09498
1.09536
1.09574
1.09611
1.09649
1.09688
1.09725
1.09764
1.09802
1.0984
1.09878
1.09917
1.09955
1.09993
1.10032
1.10071
1.10109
1.10148
1.10187
1.10225
1.10264
1.10303
1.10342
1.10381
1.1042
1.10459
1.10498
1.10537
1.10577
1.10616
1.10655
1.10695
1.10735
1.10774
1.10813
1.10853
1.10893
1.10933
1.10973
1.11012
1.11052
1.11092
1.11132
1.11172
1.11212
1.11252
1.11292
1.11332
1.11372
1.11413
1.11453
1.11493
1.11533
1.11572
1.11612
1.1165
1.11686
1.11717
1.11717
1.11894
1.11895
1.11926
1.11962
1.12001
1.12041
1.12082
1.12123
1.12164
1.12205
1.12246
1.12288
1.1233
1.12371
1.12414
1.12455
1.12498
1.1254
1.12582
1.12624
1.12667
1.12709
1.12752
1.12795
1.12838
1.1288
1.12924
1.12966
1.1301
1.13053
1.13096
1.13139
1.13183
1.13226
1.1327
1.13314
1.13357
1.13401
1.13445
1.13489
1.13533
1.13578
1.13622
1.13666
1.13711
1.13755
1.138
1.13845
1.13889
1.13934
1.1398
1.14025
1.1407
1.14116
1.14161
1.14207
1.14254
1.143
1.14346
1.14392
1.14438
1.14484
1.14531
1.14576
1.14622
1.14669
1.14715
1.14761
1.14807
1.14854
1.149
1.14946
1.14993
1.1504
1.15086
1.15133
1.1518
1.15226
1.15273
1.1532
1.15367
1.15414
1.15461
1.15508
1.15556
1.15603
1.1565
1.15698
1.15745
1.15792
1.1584
1.15887
1.15934
1.15981
1.16028
1.16075
1.16121
1.16164
1.16202
1.16206
1.16401
1.16406
1.16444
1.16488
1.16534
1.16581
1.16629
1.16678
1.16727
1.16776
1.16825
1.16875
1.16925
1.16974
1.17024
1.17075
1.17125
1.17175
1.17226
1.17276
1.17327
1.17378
1.17429
1.1748
1.17531
1.17583
1.17635
1.17686
1.17738
1.1779
1.17842
1.17895
1.17947
1.18
1.18053
1.18106
1.18159
1.18213
1.18267
1.18321
1.18375
1.18429
1.18484
1.18539
1.18594
1.18649
1.18705
1.18762
1.18819
1.18876
1.18934
1.18993
1.19053
1.19115
1.19177
1.19237
1.19296
1.19354
1.19412
1.19469
1.19526
1.19583
1.19639
1.19695
1.19751
1.19807
1.19863
1.19919
1.19975
1.2003
1.20086
1.20141
1.20196
1.20251
1.20307
1.20361
1.20417
1.20472
1.20527
1.20582
1.20637
1.20692
1.20747
1.20802
1.20857
1.20912
1.20966
1.21021
1.21076
1.21131
1.21186
1.2124
1.21294
1.21349
1.21402
1.21455
1.21507
1.21557
1.216
1.21607
1.21823
1.2183
1.21873
1.21923
1.21976
1.22029
1.22083
1.22137
1.22192
1.22247
1.22302
1.22358
1.22413
1.22468
1.22524
1.2258
1.22635
1.22691
1.22746
1.22802
1.22858
1.22914
1.2297
1.23027
1.23083
1.23139
1.23195
1.23251
1.23308
1.23364
1.2342
1.23477
1.23533
1.2359
1.23647
1.23704
1.23761
1.23818
1.23875
1.23931
1.23988
1.24045
1.24102
1.2416
1.24217
1.24275
1.24332
1.2439
1.24448
1.24505
1.24563
1.24621
1.24678
1.24736
1.24794
1.24852
1.24911
1.24969
1.25027
1.25086
1.25144
1.25203
1.25261
1.2532
1.25379
1.25437
1.25496
1.25555
1.25614
1.25673
1.25733
1.25792
1.25851
1.25911
1.2597
1.2603
1.2609
1.26149
1.26209
1.26269
1.26329
1.26389
1.26449
1.2651
1.2657
1.2663
1.26691
1.26751
1.26812
1.26872
1.26933
1.26993
1.27053
1.27114
1.27174
1.27233
1.27292
1.27348
1.27396
1.27404
1.27646
1.27654
1.27702
1.27759
1.27818
1.27878
1.27939
1.28002
1.28064
1.28127
1.2819
1.28253
1.28316
1.2838
1.28443
1.28507
1.28571
1.28635
1.28699
1.28763
1.28828
1.28893
1.28958
1.29024
1.29089
1.29155
1.2922
1.29286
1.29352
1.29419
1.29485
1.29551
1.29618
1.29686
1.29754
1.29821
1.29889
1.29958
1.30026
1.30095
1.30165
1.30234
1.30305
1.30375
1.30447
1.30519
1.30594
1.3067
1.30745
1.30818
1.3089
1.30962
1.31033
1.31104
1.31175
1.31245
1.31315
1.31385
1.31455
1.31524
1.31594
1.31664
1.31733
1.31802
1.31872
1.31941
1.32011
1.32079
1.32149
1.32218
1.32287
1.32356
1.32425
1.32494
1.32563
1.32632
1.32702
1.32771
1.3284
1.32909
1.32978
1.33048
1.33117
1.33186
1.33255
1.33324
1.33393
1.33462
1.33532
1.336
1.33669
1.33738
1.33807
1.33876
1.33944
1.34011
1.34077
1.34141
1.34195
1.34204
1.34476
1.34485
1.34541
1.34604
1.34671
1.34739
1.34807
1.34877
1.34947
1.35017
1.35087
1.35157
1.35228
1.35299
1.35369
1.3544
1.35511
1.35582
1.35653
1.35725
1.35796
1.35868
1.35939
1.36011
1.36083
1.36155
1.36226
1.36298
1.36371
1.36443
1.36515
1.36588
1.3666
1.36733
1.36805
1.36879
1.36951
1.37024
1.37097
1.3717
1.37244
1.37317
1.37391
1.37464
1.37538
1.37612
1.37686
1.3776
1.37834
1.37908
1.37982
1.38057
1.38132
1.38206
1.38281
1.38356
1.38431
1.38506
1.38581
1.38656
1.38731
1.38807
1.38883
1.38959
1.39034
1.3911
1.39186
1.39263
1.39339
1.39415
1.39492
1.39569
1.39646
1.39723
1.39799
1.39876
1.39954
1.40031
1.40109
1.40187
1.40264
1.40342
1.4042
1.40498
1.40576
1.40654
1.40733
1.40811
1.4089
1.40968
1.41047
1.41125
1.41204
1.41282
1.4136
1.41437
1.41513
1.41585
1.41649
1.4166
1.4197
1.41981
1.42045
1.42118
1.42196
1.42275
1.42354
1.42435
1.42515
1.42597
1.42679
1.42761
1.42842
1.42925
1.43007
1.43091
1.43174
1.43257
1.4334
1.43424
1.43507
1.43592
1.43676
1.4376
1.43845
1.43929
1.44015
1.441
1.44185
1.4427
1.44356
1.44442
1.44528
1.44614
1.44701
1.44787
1.44874
1.44962
1.45049
1.45136
1.45224
1.45312
1.454
1.45489
1.45577
1.45666
1.45755
1.45844
1.45934
1.46023
1.46113
1.46203
1.46293
1.46384
1.46475
1.46565
1.46656
1.46748
1.4684
1.46932
1.47024
1.47116
1.47208
1.47301
1.47395
1.47488
1.47582
1.47675
1.4777
1.47864
1.47959
1.48054
1.48149
1.48244
1.4834
1.48437
1.48533
1.48629
1.48726
1.48823
1.48921
1.49019
1.49116
1.49215
1.49313
1.49412
1.49512
1.49611
1.4971
1.4981
1.49911
1.50011
1.50111
1.50212
1.50312
1.50411
1.5051
1.50605
1.50689
1.50716
1.51077
1.51105
1.51191
1.51289
1.5139
1.51494
1.516
1.51706
1.51814
1.51921
1.5203
1.5214
1.5225
1.52361
1.52472
1.52584
1.52697
1.52811
1.52925
1.5304
1.53155
1.53272
1.53389
1.53508
1.53627
1.53747
1.53868
1.53991
1.54115
1.5424
1.54366
1.54495
1.54625
1.54758
1.54893
1.55032
1.55175
1.55328
1.55487
1.5564
1.55784
1.55924
1.56061
1.56194
1.56326
1.56457
1.56586
1.56714
1.56841
1.56966
1.57091
1.57215
1.57339
1.57461
1.57584
1.57705
1.57826
1.57947
1.58067
1.58187
1.58307
1.58426
1.58544
1.58663
1.58781
1.58899
1.59017
1.59134
1.59251
1.59368
1.59485
1.59602
1.59718
1.59835
1.59951
1.60067
1.60183
1.60299
1.60414
1.60529
1.60645
1.6076
1.60875
1.60991
1.61105
1.6122
1.61335
1.6145
1.61564
1.61679
1.61793
1.61907
1.62021
1.62134
1.62247
1.62358
1.62468
1.62572
1.62665
1.62687
1.63108
1.63132
1.63224
1.6333
1.6344
1.63552
1.63665
1.63779
1.63894
1.64009
1.64124
1.6424
1.64356
1.64472
1.64588
1.64705
1.64822
1.64939
1.65056
1.65174
1.65291
1.6541
1.65528
1.65646
1.65765
1.65885
1.66004
1.66124
1.66245
1.66366
1.66487
1.66609
1.66733
1.66857
1.66984
1.67113
1.6724
1.67365
1.67488
1.67611
1.67733
1.67855
1.67976
1.68097
1.68219
1.68339
1.6846
1.6858
1.68701
1.68821
1.68941
1.69061
1.6918
1.693
1.6942
1.69539
1.69659
1.69779
1.69898
1.70018
1.70138
1.70257
1.70377
1.70497
1.70616
1.70736
1.70856
1.70975
1.71095
1.71215
1.71335
1.71456
1.71576
1.71696
1.71816
1.71936
1.72057
1.72177
1.72297
1.72418
1.72538
1.72659
1.7278
1.72901
1.73022
1.73143
1.73265
1.73386
1.73507
1.73628
1.73749
1.7387
1.7399
1.74111
1.74231
1.74349
1.74465
1.74576
1.74671
1.74681
1.75181
1.75192
1.75287
1.75399
1.75517
1.75637
1.7576
1.75883
1.76007
1.76132
1.76257
1.76382
1.76508
1.76635
1.76761
1.76889
1.77016
1.77143
1.77272
1.77401
1.7753
1.77659
1.77789
1.7792
1.78051
1.78182
1.78314
1.78447
1.7858
1.78714
1.7885
1.78988
1.79128
1.79266
1.79402
1.79538
1.79672
1.79807
1.79941
1.80076
1.8021
1.80343
1.80477
1.80611
1.80745
1.80879
1.81012
1.81146
1.8128
1.81414
1.81548
1.81683
1.81817
1.81951
1.82086
1.8222
1.82355
1.8249
1.82625
1.8276
1.82896
1.83032
1.83168
1.83304
1.8344
1.83576
1.83712
1.83849
1.83987
1.84124
1.84261
1.84399
1.84537
1.84675
1.84813
1.84952
1.8509
1.8523
1.85369
1.85509
1.85649
1.85789
1.85929
1.8607
1.86211
1.86352
1.86493
1.86635
1.86776
1.86918
1.87061
1.87203
1.87344
1.87486
1.87627
1.87767
1.87904
1.88035
1.88146
1.88155
1.88758
1.88769
1.88883
1.89017
1.89157
1.89301
1.89448
1.89596
1.89745
1.89895
1.90046
1.90198
1.90351
1.90505
1.90659
1.90814
1.9097
1.91126
1.91284
1.91443
1.91603
1.91763
1.91925
1.92088
1.92253
1.92419
1.92587
1.92758
1.92935
1.93115
1.93291
1.93462
1.93633
1.93801
1.93969
1.94136
1.94302
1.94468
1.94633
1.94799
1.94964
1.95129
1.95293
1.95458
1.95623
1.95787
1.95952
1.96117
1.96282
1.96447
1.96612
1.96777
1.96942
1.97108
1.97273
1.97439
1.97605
1.97772
1.97939
1.98105
1.98273
1.9844
1.98608
1.98776
1.98944
1.99113
1.99282
1.99451
1.99621
1.99791
1.99961
2.00132
2.00303
2.00475
2.00647
2.0082
2.00993
2.01166
2.0134
2.01514
2.01689
2.01865
2.0204
2.02217
2.02393
2.0257
2.02748
2.02927
2.03105
2.03284
2.03464
2.03644
2.03824
2.04003
2.04183
2.04361
2.04536
2.04703
2.04848
2.04869
2.05611
2.05634
2.05783
2.05956
2.06139
2.06326
2.06517
2.06709
2.06904
2.07101
2.07299
2.07499
2.07701
2.07905
2.0811
2.08317
2.08527
2.08738
2.08952
2.09169
2.09389
2.09613
2.09841
2.10074
2.10316
2.10572
2.10835
2.11086
2.11327
2.11561
2.1179
2.12016
2.1224
2.12461
2.12681
2.12899
2.13115
2.13331
2.13545
2.13759
2.13971
2.14183
2.14394
2.14605
2.14815
2.15025
2.15234
2.15443
2.15651
2.1586
2.16068
2.16276
2.16484
2.16691
2.16899
2.17106
2.17314
2.17521
2.17729
2.17936
2.18144
2.18352
2.1856
2.18767
2.18975
2.19184
2.19392
2.19601
2.1981
2.20019
2.20229
2.20439
2.20649
2.20859
2.2107
2.21282
2.21493
2.21705
2.21918
2.22131
2.22344
2.22558
2.22772
2.22987
2.23202
2.23419
2.23635
2.23852
2.24069
2.24287
2.24506
2.24724
2.24943
2.25161
2.25379
2.25596
2.25808
2.26012
2.26187
2.26204
2.27132
2.27153
2.27334
2.27545
2.27767
2.27996
2.28229
2.28465
2.28705
2.28946
2.29191
2.29438
2.29688
2.29941
2.30196
2.30456
2.30719
2.30987
2.3126
2.31539
2.31827
2.32127
2.32449
2.3278
2.33092
2.33388
2.33674
2.33952
2.34225
2.34495
2.3476
2.35022
2.35281
2.35538
2.35792
2.36045
2.36296
2.36545
2.36793
2.37039
2.37284
2.37528
2.37771
2.38013
2.38254
2.38494
2.38733
2.38972
2.3921
2.39447
2.39683
2.39919
2.40155
2.4039
2.40624
2.40858
2.41092
2.41325
2.41558
2.41791
2.42023
2.42256
2.42488
2.42719
2.42951
2.43182
2.43414
2.43645
2.43876
2.44107
2.44338
2.44569
2.448
2.45031
2.45262
2.45493
2.45724
2.45955
2.46187
2.46418
2.4665
2.46882
2.47113
2.47345
2.47577
2.47809
2.48042
2.48274
2.48506
2.48738
2.4897
2.49203
2.49434
2.49665
2.49893
2.50119
2.50339
2.50546
2.50715
2.50674
2.51836
2.51799
2.51971
2.52182
2.52407
2.52639
2.52876
2.53115
2.53357
2.536
2.53846
2.54092
2.5434
2.5459
2.54841
2.55094
2.55349
2.55606
2.55865
2.56131
2.56397
2.56661
2.56923
2.57184
2.57444
2.57705
2.57965
2.58225
2.58486
2.58747
2.59008
2.5927
2.59532
2.59794
2.60058
2.60322
2.60587
2.60853
2.61119
2.61387
2.61655
2.61924
2.62194
2.62464
2.62736
2.63009
2.63283
2.63558
2.63835
2.64112
2.64391
2.64671
2.64952
2.65235
2.65519
2.65804
2.66091
2.66379
2.66669
2.6696
2.67253
2.67548
2.67844
2.68142
2.68443
2.68744
2.69048
2.69353
2.69661
2.69971
2.70282
2.70596
2.70912
2.71231
2.71552
2.71875
2.72201
2.7253
2.72861
2.73194
2.73531
2.73871
2.74213
2.74559
2.74908
2.7526
2.75615
2.75974
2.76336
2.76702
2.77072
2.77445
2.77821
2.78201
2.78583
2.78965
2.79345
2.79714
2.80038
2.80102
2.81711
2.8179
2.82145
2.82557
2.82996
2.83453
2.83925
2.84412
2.84913
2.85431
2.85967
2.86523
2.87104
2.87715
2.88365
2.89073
2.89893
2.90741
2.91491
2.92164
2.92789
2.93382
2.93947
2.94491
2.95015
2.95524
2.96018
2.96498
2.96967
2.97425
2.97873
2.98312
2.98742
2.99164
2.99578
2.99985
3.00386
3.00779
3.01166
3.01548
3.01924
3.02294
3.0266
3.0302
3.03375
3.03726
3.04072
3.04414
3.04752
3.05086
3.05416
3.05741
3.06064
3.06383
3.06698
3.07009
3.07318
3.07624
3.07926
3.08225
3.08521
3.08814
3.09105
3.09393
3.09678
3.0996
3.1024
3.10517
3.10792
3.11064
3.11335
3.11602
3.11868
3.12132
3.12393
3.12651
3.12908
3.13163
3.13416
3.13667
3.13916
3.14163
3.14407
3.1465
3.14891
3.1513
3.15367
3.15603
3.15835
3.16066
3.16294
3.16519
3.16741
3.16959
3.17172
3.17377
3.17567
3.1773
3.17817
3.17497
3.19498
3.1918
3.19263
3.1942
3.19602
3.19795
3.19993
3.20193
3.20395
3.20597
3.20799
3.21
3.21199
3.21393
3.21588
3.21785
3.21986
3.22187
3.2239
3.22594
3.22798
3.23003
3.23208
3.23414
3.2362
3.23827
3.24034
3.24242
3.2445
3.24659
3.24869
3.25079
3.25289
3.255
3.25712
3.25924
3.26138
3.26352
3.26566
3.26782
3.26998
3.27216
3.27434
3.27653
3.27874
3.28096
3.28319
3.28543
3.28768
3.28995
3.29224
3.29454
3.29686
3.29919
3.30154
3.30391
3.3063
3.30871
3.31114
3.31359
3.31607
3.31857
3.32109
3.32364
3.32622
3.32882
3.33146
3.33412
3.33682
3.33955
3.34231
3.34512
3.34796
3.35084
3.35377
3.35674
3.35975
3.36281
3.36592
3.36908
3.3723
3.37557
3.3789
3.38229
3.38575
3.38928
3.39288
3.39655
3.4003
3.40413
3.40805
3.41204
3.41612
3.42029
3.42452
3.4288
3.43305
3.4371
3.44029
3.43813
3.468
3.46632
3.47043
3.47585
3.48198
3.48867
3.49595
3.50389
3.51269
3.52275
3.53527
3.54814
3.55871
3.56774
3.5758
3.58314
3.5899
3.59619
3.60205
3.60755
3.61272
3.6176
3.62219
3.62654
3.63064
3.63453
3.63821
3.64168
3.64497
3.64809
3.65103
3.6538
3.65642
3.65888
3.6612
3.66337
3.6654
3.66731
3.66908
3.67072
3.67224
3.67364
3.67492
3.67608
3.67713
3.67807
3.6789
3.67963
3.68025
3.68077
3.68118
3.6815
3.68171
3.68184
3.68186
3.6818
3.68164
3.68139
3.68104
3.68061
3.68009
3.67949
3.67879
3.67801
3.67715
3.6762
3.67517
3.67405
3.67286
3.67159
3.67023
3.66879
3.66727
3.66568
3.664
3.66225
3.66042
3.65852
3.65653
3.65447
3.65233
3.65012
3.64782
3.64545
3.64301
3.64048
3.63787
3.63519
3.63242
3.62956
3.62662
3.62357
3.62042
3.61714
3.6137
3.61006
3.60607
3.60144
3.59511
3.5799
3.61503
3.5998
3.59325
3.58827
3.58379
3.57952
3.57534
3.57121
3.56707
3.56287
3.55861
3.55429
3.5499
3.54545
3.54094
3.53636
3.53171
3.527
3.52222
3.51737
3.51245
3.50747
3.50242
3.4973
3.49211
3.48685
3.48152
3.47613
3.47066
3.46512
3.45952
3.45384
3.4481
3.44229
3.4364
3.43045
3.42443
3.41833
3.41217
3.40593
3.39963
3.39326
3.38682
3.3803
3.37371
3.36705
3.36032
3.35352
3.34665
3.3397
3.33268
3.32559
3.31843
3.31119
3.30388
3.29649
3.28903
3.28149
3.27388
3.2662
3.25845
3.25061
3.2427
3.23471
3.22665
3.2185
3.21028
3.20198
3.1936
3.18514
3.17659
3.16797
3.15927
3.15048
3.1416
3.13265
3.1236
3.11447
3.10525
3.09595
3.08655
3.07707
3.06748
3.0578
3.04802
3.03815
3.02816
3.01807
3.00786
2.99753
2.98707
2.97647
2.9657
2.95475
2.94356
2.93205
2.92005
2.90711
2.89174
2.86395
2.90631
2.87827
2.86224
2.84821
2.83447
2.821
2.80805
2.79536
2.78282
2.77037
2.75796
2.74557
2.73317
2.72077
2.70835
2.69589
2.68339
2.67086
2.65827
2.64564
2.63295
2.6202
2.6074
2.59452
2.58159
2.56859
2.55551
2.54237
2.52915
2.51586
2.50248
2.48903
2.4755
2.46189
2.44819
2.43441
2.42054
2.40659
2.39254
2.3784
2.36416
2.34984
2.33541
2.32089
2.30626
2.29154
2.27671
2.26177
2.24673
2.23158
2.21632
2.20094
2.18545
2.16985
2.15412
2.13827
2.1223
2.1062
2.08997
2.07361
2.05711
2.04049
2.02371
2.0068
1.98973
1.97252
1.95516
1.93763
1.91995
1.9021
1.88408
1.86588
1.84751
1.82895
1.81019
1.79124
1.77209
1.75272
1.73314
1.71332
1.69327
1.67297
1.65242
1.63158
1.61047
1.58905
1.56731
1.54522
1.52277
1.49993
1.47665
1.45288
1.42858
1.40367
1.37803
1.35148
1.3237
1.29403
1.26037
1.20978
1.24539
1.18846
1.1468
1.11214
1.08061
1.05093
1.02252
0.99506
0.96836
0.94229
0.91675
0.89166
0.86698
0.84265
0.81863
0.7949
0.77143
0.7482
0.72518
0.70236
0.67972
0.65725
0.63494
0.61277
0.59074
0.56883
0.54703
0.52535
0.50376
0.48225
0.46084
0.4395
0.41824
0.39704
0.37591
0.35483
0.3338
0.31282
0.29188
0.27097
0.2501
0.22926
0.20843
0.18763
0.16685
0.14607
0.1253
0.10454
0.08377
0.063
0.04222
0.02142
6.12848E-4
-0.02022
-0.04107
-0.06196
-0.08287
-0.10383
-0.12482
-0.14586
-0.16695
-0.1881
-0.2093
-0.23057
-0.25191
-0.27333
-0.29482
-0.3164
-0.33807
-0.35984
-0.38172
-0.40372
-0.42583
-0.44807
-0.47045
-0.49298
-0.51566
-0.53851
-0.56154
-0.58476
-0.60819
-0.63185
-0.65574
-0.6799
-0.70434
-0.72909
-0.75419
-0.77966
-0.80555
-0.83191
-0.85881
-0.88633
-0.91459
-0.94373
-0.97397
-1.00566
-1.03946
-1.07675
-1.12175
-1.18201
-1.14904
-1.20186
-1.23751
-1.26899
-1.29841
-1.32648
-1.35355
-1.37978
-1.40531
-1.43023
-1.4546
-1.47847
-1.50189
-1.52488
-1.54747
-1.5697
-1.59157
-1.61311
-1.63434
-1.65526
-1.6759
-1.69627
-1.71637
-1.73621
-1.75581
-1.77517
-1.79429
-1.8132
-1.83189
-1.85037
-1.86865
-1.88673
-1.90461
-1.92231
-1.93982
-1.95714
-1.9743
-1.99128
-2.00809
-2.02474
-2.04122
-2.05755
-2.07372
-2.08974
-2.1056
-2.12132
-2.1369
-2.15233
-2.16762
-2.18278
-2.19779
-2.21268
-2.22743
-2.24205
-2.25655
-2.27092
-2.28516
-2.29929
-2.31329
-2.32717
-2.34094
-2.35459
-2.36813
-2.38155
-2.39487
-2.40807
-2.42117
-2.43415
-2.44704
-2.45982
-2.4725
-2.48507
-2.49755
-2.50993
-2.52221
-2.5344
-2.5465
-2.5585
-2.57042
-2.58225
-2.59399
-2.60565
-2.61723
-2.62873
-2.64016
-2.65152
-2.66281
-2.67405
-2.68523
-2.69637
-2.70748
-2.71857
-2.72969
-2.74086
-2.75219
-2.76384
-2.77573
-2.78805
-2.80234
-2.82815
-2.78661
-2.81224
-2.82597
-2.83739
-2.84791
-2.85795
-2.86768
-2.87719
-2.8865
-2.89566
-2.90466
-2.91353
-2.92228
-2.93091
-2.93942
-2.94781
-2.9561
-2.96428
-2.97235
-2.98032
-2.98818
-2.99594
-3.0036
-3.01116
-3.01862
-3.02598
-3.03324
-3.04041
-3.04747
-3.05444
-3.06131
-3.06808
-3.07476
-3.08134
-3.08782
-3.09421
-3.1005
-3.1067
-3.1128
-3.1188
-3.1247
-3.13051
-3.13623
-3.14184
-3.14736
-3.15278
-3.1581
-3.16333
-3.16846
-3.17348
-3.17841
-3.18324
-3.18797
-3.1926
-3.19713
-3.20155
-3.20587
-3.21009
-3.2142
-3.21821
-3.22211
-3.22591
-3.22959
-3.23316
-3.23662
-3.23997
-3.24321
-3.24632
-3.24932
-3.2522
-3.25495
-3.25758
-3.26008
-3.26245
-3.26468
-3.26678
-3.26873
-3.27053
-3.27218
-3.27367
-3.27499
-3.27614
-3.27709
-3.27785
-3.27839
-3.27871
-3.27876
-3.27852
-3.27794
-3.27696
-3.27545
-3.27312
-3.26951
-3.26603
-3.2639
-3.26251
-3.26175
-3.26179
-3.26351
-3.27331
-3.23776
-3.24789
-3.25016
-3.25103
-3.25144
-3.25166
-3.2518
-3.2519
-3.25197
-3.25203
-3.25209
-3.25215
-3.2522
-3.25224
-3.25229
-3.25232
-3.25235
-3.25237
-3.25238
-3.25237
-3.25235
-3.25231
-3.25226
-3.25218
-3.25209
-3.25197
-3.25183
-3.25166
-3.25147
-3.25124
-3.25099
-3.25071
-3.2504
-3.25005
-3.24967
-3.24926
-3.24881
-3.24832
-3.24779
-3.24722
-3.24661
-3.24596
-3.24527
-3.24453
-3.24375
-3.24292
-3.24203
-3.24111
-3.24013
-3.2391
-3.23802
-3.23689
-3.23569
-3.23444
-3.23314
-3.23177
-3.23034
-3.22885
-3.22729
-3.22566
-3.22397
-3.22221
-3.22037
-3.21846
-3.21648
-3.21441
-3.21226
-3.21002
-3.20769
-3.20527
-3.20276
-3.20014
-3.19742
-3.19459
-3.19164
-3.18857
-3.18538
-3.18204
-3.17855
-3.17491
-3.17108
-3.16707
-3.16284
-3.15837
-3.15363
-3.14855
-3.14305
-3.137
-3.13007
-3.12182
-3.11378
-3.10713
-3.1012
-3.09576
-3.09072
-3.08603
-3.08171
-3.07792
-3.07525
-3.07792
-3.0508
-3.05375
-3.05158
-3.04852
-3.0452
-3.04179
-3.03836
-3.03494
-3.03154
-3.02816
-3.02482
-3.02151
-3.01823
-3.01497
-3.01174
-3.00854
-3.00536
-3.00221
-2.99907
-2.99595
-2.99285
-2.98977
-2.9867
-2.98364
-2.9806
-2.97756
-2.97452
-2.9715
-2.96848
-2.96547
-2.96246
-2.95945
-2.95644
-2.95343
-2.95042
-2.94741
-2.94439
-2.94137
-2.93833
-2.9353
-2.93225
-2.9292
-2.92613
-2.92305
-2.91996
-2.91686
-2.91374
-2.9106
-2.90745
-2.90427
-2.90108
-2.89787
-2.89463
-2.89138
-2.88809
-2.88478
-2.88144
-2.87807
-2.87468
-2.87124
-2.86778
-2.86427
-2.86073
-2.85716
-2.85354
-2.84987
-2.84615
-2.84239
-2.83857
-2.83469
-2.83076
-2.82676
-2.82268
-2.81854
-2.81431
-2.81
-2.80559
-2.80107
-2.79642
-2.79165
-2.78672
-2.7816
-2.77627
-2.77065
-2.76464
-2.75801
-2.7505
-2.74319
-2.73685
-2.73102
-2.72554
-2.72032
-2.71533
-2.71053
-2.70591
-2.70148
-2.69727
-2.69339
-2.69027
-2.69083
-2.67082
-2.67155
-2.66875
-2.66534
-2.66175
-2.65811
-2.65446
-2.65082
-2.64721
-2.64363
-2.64007
-2.63654
-2.63305
-2.62958
-2.62615
-2.62274
-2.61936
-2.61601
-2.61268
-2.60939
-2.60611
-2.60286
-2.59963
-2.59643
-2.59324
-2.59007
-2.58693
-2.58379
-2.58069
-2.57759
-2.57452
-2.57146
-2.56841
-2.56538
-2.56236
-2.55935
-2.55636
-2.55338
-2.55041
-2.54745
-2.54451
-2.54157
-2.53864
-2.53571
-2.5328
-2.52989
-2.52699
-2.5241
-2.52121
-2.51833
-2.51545
-2.51258
-2.50971
-2.50684
-2.50398
-2.50112
-2.49826
-2.4954
-2.49254
-2.48967
-2.48681
-2.48395
-2.48108
-2.47821
-2.47534
-2.47246
-2.46957
-2.46668
-2.46378
-2.46087
-2.45795
-2.45502
-2.45207
-2.44911
-2.44613
-2.44312
-2.44009
-2.43704
-2.43394
-2.4308
-2.4276
-2.42432
-2.4209
-2.4173
-2.41376
-2.41043
-2.40722
-2.40409
-2.40102
-2.398
-2.39503
-2.39211
-2.38922
-2.38638
-2.3836
-2.38087
-2.37825
-2.37583
-2.37392
-2.37471
-2.36005
-2.36089
-2.35905
-2.35672
-2.35423
-2.35166
-2.34906
-2.34644
-2.34382
-2.34119
-2.33855
-2.33592
-2.33329
-2.33067
-2.32804
-2.32542
-2.3228
-2.32018
-2.31757
-2.31496
-2.31236
-2.30975
-2.30715
-2.30455
-2.30195
-2.29935
-2.29675
-2.29415
-2.29156
-2.28896
-2.28636
-2.28376
-2.28116
-2.27856
-2.27595
-2.27334
-2.27073
-2.26813
-2.26551
-2.2629
-2.26028
-2.25765
-2.25502
-2.25239
-2.24975
-2.2471
-2.24444
-2.24178
-2.23911
-2.23644
-2.23375
-2.23106
-2.22835
-2.22564
-2.22291
-2.22018
-2.21743
-2.21467
-2.2119
-2.2091
-2.2063
-2.20347
-2.20063
-2.19777
-2.19488
-2.19198
-2.18904
-2.18608
-2.18309
-2.18007
-2.17701
-2.17392
-2.17078
-2.16759
-2.16434
-2.16101
-2.1576
-2.15408
-2.15041
-2.14647
-2.14223
-2.13809
-2.13433
-2.13076
-2.12732
-2.12399
-2.12074
-2.11756
-2.11445
-2.11139
-2.10838
-2.10542
-2.10251
-2.09965
-2.09684
-2.09409
-2.09143
-2.08893
-2.08683
-2.08674
-2.07519
-2.07516
-2.07315
-2.07078
-2.06831
-2.06579
-2.06326
-2.06072
-2.05818
-2.05565
-2.05312
-2.05061
-2.0481
-2.04561
-2.04312
-2.04065
-2.03819
-2.03573
-2.03329
-2.03085
-2.02843
-2.02601
-2.0236
-2.0212
-2.01881
-2.01642
-2.01405
-2.01168
-2.00932
-2.00696
-2.00461
-2.00227
-1.99993
-1.9976
-1.99528
-1.99296
-1.99064
-1.98834
-1.98603
-1.98373
-1.98143
-1.97914
-1.97685
-1.97456
-1.97227
-1.96999
-1.96771
-1.96543
-1.96316
-1.96088
-1.95861
-1.95634
-1.95406
-1.95179
-1.94952
-1.94725
-1.94497
-1.9427
-1.94042
-1.93814
-1.93586
-1.93357
-1.93128
-1.92899
-1.92669
-1.92438
-1.92206
-1.91973
-1.9174
-1.91505
-1.91268
-1.9103
-1.90789
-1.90545
-1.90298
-1.90044
-1.89782
-1.89508
-1.8924
-1.88985
-1.88739
-1.88497
-1.8826
-1.88026
-1.87795
-1.87566
-1.8734
-1.87116
-1.86894
-1.86675
-1.86457
-1.86241
-1.86027
-1.85815
-1.85607
-1.85402
-1.85203
-1.85016
-1.84858
-1.8486
-1.83954
-1.83959
-1.83806
-1.83624
-1.83433
-1.83237
-1.8304
-1.82843
-1.82645
-1.82447
-1.82249
-1.82051
-1.81853
-1.81657
-1.8146
-1.81264
-1.81069
-1.80873
-1.80678
-1.80484
-1.8029
-1.80097
-1.79904
-1.79711
-1.79519
-1.79327
-1.79136
-1.78945
-1.78754
-1.78563
-1.78373
-1.78183
-1.77994
-1.77805
-1.77616
-1.77427
-1.77239
-1.7705
-1.76862
-1.76675
-1.76487
-1.763
-1.76112
-1.75925
-1.75738
-1.75551
-1.75365
-1.75178
-1.74991
-1.74804
-1.74618
-1.74431
-1.74244
-1.74058
-1.73871
-1.73684
-1.73497
-1.73309
-1.73122
-1.72935
-1.72747
-1.72558
-1.72369
-1.7218
-1.7199
-1.71799
-1.71608
-1.71416
-1.71222
-1.71027
-1.70831
-1.70632
-1.7043
-1.70222
-1.70008
-1.69797
-1.69594
-1.69396
-1.69201
-1.69008
-1.68818
-1.68629
-1.68442
-1.68256
-1.68071
-1.67888
-1.67706
-1.67525
-1.67345
-1.67166
-1.66988
-1.66812
-1.66636
-1.66462
-1.6629
-1.66121
-1.65956
-1.658
-1.65668
-1.65663
-1.64929
-1.64926
-1.64796
-1.64643
-1.64482
-1.64318
-1.64153
-1.63986
-1.63818
-1.63651
-1.63484
-1.63316
-1.63148
-1.62981
-1.62814
-1.62647
-1.6248
-1.62314
-1.62147
-1.61981
-1.61815
-1.61649
-1.61483
-1.61318
-1.61152
-1.60987
-1.60822
-1.60657
-1.60492
-1.60327
-1.60162
-1.59998
-1.59833
-1.59668
-1.59504
-1.5934
-1.59175
-1.59011
-1.58846
-1.58682
-1.58518
-1.58353
-1.58188
-1.58024
-1.57859
-1.57694
-1.57529
-1.57364
-1.57199
-1.57033
-1.56867
-1.56701
-1.56535
-1.56368
-1.56201
-1.56033
-1.55865
-1.55697
-1.55528
-1.55358
-1.55188
-1.55016
-1.54844
-1.54671
-1.54497
-1.54321
-1.54143
-1.53963
-1.5378
-1.53593
-1.53398
-1.53196
-1.52999
-1.52811
-1.52629
-1.5245
-1.52273
-1.521
-1.51928
-1.51758
-1.51589
-1.51422
-1.51257
-1.51092
-1.50929
-1.50767
-1.50606
-1.50445
-1.50286
-1.50128
-1.49971
-1.49815
-1.49659
-1.49506
-1.49354
-1.49204
-1.49058
-1.48919
-1.488
-1.48786
-1.48175
-1.48162
-1.48045
-1.4791
-1.47768
-1.47623
-1.47478
-1.47331
-1.47185
-1.47038
-1.46891
-1.46744
-1.46598
-1.46452
-1.46306
-1.4616
-1.46014
-1.45869
-1.45724
-1.45579
-1.45435
-1.4529
-1.45146
-1.45002
-1.44858
-1.44714
-1.44571
-1.44428
-1.44285
-1.44142
-1.43999
-1.43857
-1.43714
-1.43572
-1.4343
-1.43288
-1.43146
-1.43004
-1.42862
-1.4272
-1.42578
-1.42437
-1.42295
-1.42153
-1.42012
-1.4187
-1.41728
-1.41587
-1.41444
-1.41302
-1.4116
-1.41018
-1.40876
-1.40733
-1.40589
-1.40446
-1.40302
-1.40158
-1.40014
-1.39868
-1.39723
-1.39576
-1.39428
-1.39279
-1.39128
-1.38976
-1.3882
-1.38659
-1.38493
-1.38331
-1.38175
-1.38024
-1.37875
-1.37728
-1.37583
-1.3744
-1.37298
-1.37157
-1.37018
-1.36879
-1.36742
-1.36605
-1.3647
-1.36335
-1.36201
-1.36068
-1.35935
-1.35804
-1.35673
-1.35542
-1.35413
-1.35285
-1.35157
-1.35031
-1.34905
-1.34782
-1.34662
-1.34549
-1.34452
-1.34444
-1.33928
-1.33921
-1.33826
-1.33715
-1.33599
-1.33481
-1.33361
-1.33241
-1.33121
-1.33
-1.3288
-1.3276
-1.3264
-1.32521
-1.32401
-1.32282
-1.32163
-1.32045
-1.31926
-1.31808
-1.31691
-1.31573
-1.31456
-1.31339
-1.31222
-1.31106
-1.3099
-1.30874
-1.30759
-1.30643
-1.30528
-1.30413
-1.30298
-1.30184
-1.3007
-1.29956
-1.29842
-1.29729
-1.29615
-1.29502
-1.2939
-1.29277
-1.29165
-1.29052
-1.28941
-1.28828
-1.28717
-1.28605
-1.28494
-1.28382
-1.28271
-1.28161
-1.2805
-1.27939
-1.27828
-1.27717
-1.27607
-1.27496
-1.27386
-1.27275
-1.27164
-1.27053
-1.26942
-1.2683
-1.26718
-1.26604
-1.26492
-1.26381
-1.26271
-1.26162
-1.26053
-1.25946
-1.25838
-1.25731
-1.25624
-1.25518
-1.25413
-1.25308
-1.25202
-1.25098
-1.24993
-1.2489
-1.24786
-1.24683
-1.2458
-1.24477
-1.24375
-1.24273
-1.24172
-1.2407
-1.23969
-1.23869
-1.2377
-1.23671
-1.23573
-1.23476
-1.23383
-1.23294
-1.2322
-1.23224
-1.22782
-1.22786
-1.22713
-1.22627
-1.22535
-1.2244
-1.22345
-1.22249
-1.22153
-1.22057
-1.2196
-1.21864
-1.21767
-1.21671
-1.21575
-1.21479
-1.21383
-1.21287
-1.21191
-1.21096
-1.21
-1.20905
-1.2081
-1.20715
-1.2062
-1.20525
-1.2043
-1.20336
-1.20241
-1.20147
-1.20053
-1.19959
-1.19865
-1.19771
-1.19677
-1.19584
-1.19491
-1.19397
-1.19304
-1.19211
-1.19118
-1.19025
-1.18932
-1.18839
-1.18746
-1.18654
-1.18561
-1.18468
-1.18376
-1.18283
-1.1819
-1.18098
-1.18006
-1.17913
-1.1782
-1.17727
-1.17635
-1.17542
-1.17448
-1.17354
-1.1726
-1.17164
-1.17068
-1.16973
-1.16879
-1.16786
-1.16694
-1.16602
-1.16512
-1.16421
-1.16331
-1.16241
-1.16152
-1.16063
-1.15974
-1.15885
-1.15797
-1.15709
-1.15622
-1.15535
-1.15447
-1.15361
-1.15274
-1.15188
-1.15102
-1.15016
-1.14931
-1.14845
-1.1476
-1.14676
-1.14592
-1.14508
-1.14425
-1.14342
-1.1426
-1.1418
-1.14102
-1.14028
-1.13967
-1.13975
-1.13591
-1.13599
-1.13539
-1.13466
-1.13389
-1.13311
-1.13231
-1.13151
-1.13071
-1.1299
-1.12909
-1.12829
-1.12748
-1.12668
-1.12587
-1.12507
-1.12426
-1.12346
-1.12266
-1.12186
-1.12107
-1.12027
-1.11947
-1.11868
-1.11788
-1.11709
-1.1163
-1.11551
-1.11472
-1.11394
-1.11315
-1.11237
-1.11158
-1.1108
-1.11002
-1.10924
-1.10846
-1.10768
-1.10691
-1.10614
-1.10536
-1.10459
-1.10382
-1.10305
-1.10228
-1.10151
-1.10075
-1.09998
-1.09922
-1.09845
-1.0977
-1.09694
-1.09618
-1.09542
-1.09466
-1.0939
-1.09315
-1.0924
-1.09164
-1.09089
-1.09014
-1.08939
-1.08864
-1.0879
-1.08715
-1.0864
-1.08566
-1.08492
-1.08418
-1.08344
-1.0827
-1.08196
-1.08122
-1.08048
-1.07975
-1.07901
-1.07828
-1.07755
-1.07682
-1.07609
-1.07536
-1.07463
-1.0739
-1.07318
-1.07245
-1.07173
-1.07101
-1.07029
-1.06957
-1.06886
-1.06814
-1.06743
-1.06672
-1.06602
-1.06532
-1.06464
-1.06397
-1.06334
-1.06283
-1.06291
-1.05956
-1.05964
-1.05913
-1.05851
-1.05785
-1.05717
-1.05649
-1.0558
-1.0551
-1.0544
-1.0537
-1.05301
-1.05231
-1.05161
-1.05091
-1.05021
-1.04951
-1.04882
-1.04812
-1.04742
-1.04672
-1.04602
-1.04533
-1.04464
-1.04394
-1.04325
-1.04255
-1.04186
-1.04117
-1.04047
-1.03978
-1.03909
-1.0384
-1.03771
-1.03702
-1.03633
-1.03564
-1.03495
-1.03426
-1.03357
-1.03289
-1.0322
-1.03151
-1.03083
-1.03014
-1.02946
-1.02877
-1.02809
-1.0274
-1.02671
-1.02603
-1.02535
-1.02466
-1.02398
-1.02329
-1.0226
-1.02191
-1.02122
-1.02053
-1.01985
-1.01918
-1.01849
-1.01782
-1.01714
-1.01646
-1.01579
-1.01512
-1.01445
-1.01377
-1.0131
-1.01243
-1.01176
-1.0111
-1.01043
-1.00976
-1.0091
-1.00843
-1.00777
-1.0071
-1.00644
-1.00578
-1.00512
-1.00446
-1.0038
-1.00314
-1.00248
-1.00183
-1.00117
-1.00052
-0.99987
-0.99922
-0.99857
-0.99792
-0.99728
-0.99664
-0.99602
-0.9954
-0.99483
-0.99434
-0.99438
-0.99145
-0.99149
-0.99101
-0.99044
-0.98983
-0.98921
-0.98858
-0.98794
-0.9873
-0.98666
-0.98602
-0.98538
-0.98474
-0.98409
-0.98345
-0.98281
-0.98217
-0.98152
-0.98088
-0.98024
-0.97959
-0.97895
-0.97831
-0.97767
-0.97702
-0.97638
-0.97574
-0.9751
-0.97446
-0.97382
-0.97318
-0.97254
-0.97189
-0.97125
-0.97061
-0.96997
-0.96933
-0.9687
-0.96806
-0.96742
-0.96678
-0.96614
-0.9655
-0.96487
-0.96423
-0.96359
-0.96295
-0.96231
-0.96168
-0.96104
-0.9604
-0.95976
-0.95912
-0.95848
-0.95785
-0.95721
-0.95657
-0.95594
-0.9553
-0.95466
-0.95402
-0.95339
-0.95275
-0.95212
-0.95148
-0.95085
-0.95021
-0.94957
-0.94894
-0.9483
-0.94767
-0.94703
-0.9464
-0.94576
-0.94513
-0.94449
-0.94385
-0.94322
-0.94259
-0.94195
-0.94132
-0.94068
-0.94005
-0.93941
-0.93878
-0.93814
-0.93751
-0.93687
-0.93624
-0.93561
-0.93497
-0.93434
-0.93371
-0.93308
-0.93246
-0.93184
-0.93124
-0.93066
-0.93017
-0.9301
-0.92755
-0.92749
-0.92699
-0.92641
-0.92581
-0.92519
-0.92456
-0.92393
-0.92329
-0.92265
-0.92201
-0.92137
-0.92072
-0.92008
-0.91943
-0.91878
-0.91813
-0.91748
-0.91683
-0.91618
-0.91553
-0.91487
-0.91422
-0.91356
-0.9129
-0.91224
-0.91158
-0.91092
-0.91025
-0.90959
-0.90892
-0.90825
-0.90758
-0.9069
-0.90623
-0.90555
-0.90487
-0.90418
-0.9035
-0.90281
-0.90212
-0.90142
-0.90072
-0.90001
-0.89929
-0.89857
-0.89784
-0.8971
-0.89634
-0.89554
-0.89474
-0.89396
-0.8932
-0.89246
-0.89174
-0.89102
-0.89032
-0.88961
-0.88891
-0.88822
-0.88753
-0.88685
-0.88617
-0.88549
-0.88482
-0.88415
-0.88348
-0.88282
-0.88215
-0.88149
-0.88084
-0.88018
-0.87953
-0.87887
-0.87823
-0.87758
-0.87693
-0.87629
-0.87565
-0.875
-0.87436
-0.87372
-0.87309
-0.87246
-0.87182
-0.87119
-0.87056
-0.86993
-0.8693
-0.86868
-0.86805
-0.86743
-0.86681
-0.8662
-0.86559
-0.86498
-0.86439
-0.86382
-0.86332
-0.86319
-0.86096
-0.86083
-0.86033
-0.85977
-0.85918
-0.85859
-0.85799
-0.85738
-0.85677
-0.85617
-0.85556
-0.85495
-0.85434
-0.85374
-0.85313
-0.85252
-0.85191
-0.8513
-0.8507
-0.85009
-0.84948
-0.84887
-0.84827
-0.84766
-0.84705
-0.84644
-0.84584
-0.84523
-0.84462
-0.84402
-0.84341
-0.8428
-0.8422
-0.84159
-0.84098
-0.84037
-0.83976
-0.83916
-0.83854
-0.83793
-0.83732
-0.83671
-0.83609
-0.83547
-0.83485
-0.83423
-0.83359
-0.83295
-0.83232
-0.8317
-0.83108
-0.83047
-0.82986
-0.82925
-0.82865
-0.82805
-0.82744
-0.82684
-0.82624
-0.82564
-0.82504
-0.82445
-0.82386
-0.82327
-0.82268
-0.82209
-0.8215
-0.82091
-0.82032
-0.81973
-0.81914
-0.81855
-0.81797
-0.81738
-0.8168
-0.81622
-0.81564
-0.81506
-0.81447
-0.81389
-0.81331
-0.81273
-0.81215
-0.81157
-0.81099
-0.81042
-0.80984
-0.80926
-0.80869
-0.80811
-0.80754
-0.80697
-0.80639
-0.80582
-0.80526
-0.8047
-0.80415
-0.80362
-0.80315
-0.803
-0.80101
-0.80086
-0.80039
-0.79986
-0.7993
-0.79874
-0.79818
-0.79761
-0.79704
-0.79647
-0.79589
-0.79532
-0.79474
-0.79416
-0.79358
-0.793
-0.79242
-0.79184
-0.79126
-0.79068
-0.7901
-0.78951
-0.78893
-0.78834
-0.78775
-0.78716
-0.78657
-0.78597
-0.78538
-0.78479
-0.78419
-0.78359
-0.78299
-0.78238
-0.78177
-0.78116
-0.78054
-0.77992
-0.77929
-0.77866
-0.77802
-0.77737
-0.77671
-0.776
-0.77529
-0.77461
-0.77396
-0.77332
-0.77268
-0.77206
-0.77144
-0.77083
-0.77023
-0.76963
-0.76904
-0.76845
-0.76786
-0.76727
-0.76669
-0.76612
-0.76554
-0.76497
-0.76441
-0.76384
-0.76327
-0.76271
-0.76215
-0.76159
-0.76104
-0.76049
-0.75994
-0.75939
-0.75884
-0.75829
-0.75775
-0.7572
-0.75666
-0.75613
-0.75559
-0.75506
-0.75452
-0.75398
-0.75345
-0.75292
-0.7524
-0.75187
-0.75135
-0.75082
-0.7503
-0.74978
-0.74926
-0.74874
-0.74823
-0.74772
-0.74721
-0.74671
-0.74622
-0.74575
-0.74533
-0.74521
-0.7434
-0.74328
-0.74287
-0.74241
-0.74192
-0.74143
-0.74093
-0.74043
-0.73993
-0.73943
-0.73894
-0.73844
-0.73793
-0.73743
-0.73693
-0.73643
-0.73593
-0.73543
-0.73494
-0.73444
-0.73394
-0.73344
-0.73294
-0.73244
-0.73194
-0.73144
-0.73095
-0.73045
-0.72995
-0.72945
-0.72895
-0.72845
-0.72794
-0.72744
-0.72694
-0.72643
-0.72592
-0.72541
-0.72489
-0.72436
-0.72382
-0.72328
-0.72275
-0.72223
-0.72172
-0.72122
-0.72072
-0.72023
-0.71974
-0.71926
-0.71877
-0.7183
-0.71782
-0.71735
-0.71688
-0.71641
-0.71594
-0.71548
-0.71502
-0.71456
-0.71411
-0.71365
-0.7132
-0.71275
-0.7123
-0.71186
-0.71141
-0.71097
-0.71053
-0.71009
-0.70965
-0.70922
-0.70878
-0.70835
-0.70792
-0.70749
-0.70707
-0.70664
-0.70622
-0.7058
-0.70538
-0.70496
-0.70454
-0.70413
-0.70371
-0.7033
-0.70289
-0.70249
-0.70208
-0.70168
-0.70128
-0.70088
-0.70048
-0.70009
-0.6997
-0.69932
-0.69895
-0.6986
-0.6983
-0.69829
-0.69664
-0.69663
-0.69634
-0.696
-0.69564
-0.69527
-0.69491
-0.69454
-0.69417
-0.6938
-0.69343
-0.69306
-0.69269
-0.69233
-0.69196
-0.6916
-0.69124
-0.69088
-0.69053
-0.69017
-0.68982
-0.68947
-0.68912
-0.68877
-0.68843
-0.68809
-0.68775
-0.68741
-0.68708
-0.68675
-0.68642
-0.6861
-0.68578
-0.68547
-0.68516
-0.68486
-0.68457
-0.6843
-0.68404
-0.68376
-0.68346
-0.68317
-0.68286
-0.68256
-0.68224
-0.68193
-0.68162
-0.6813
-0.68098
-0.68066
-0.68035
-0.68003
-0.6797
-0.67938
-0.67906
-0.67874
-0.67842
-0.67809
-0.67777
-0.67744
-0.67712
-0.67679
-0.67647
-0.67615
-0.67582
-0.67549
-0.67517
-0.67485
-0.67452
-0.6742
-0.67387
-0.67355
-0.67323
-0.6729
-0.67258
-0.67226
-0.67194
-0.67161
-0.67129
-0.67097
-0.67065
-0.67033
-0.67001
-0.66969
-0.66937
-0.66906
-0.66874
-0.66842
-0.66811
-0.66779
-0.66747
-0.66716
-0.66685
-0.66654
-0.66624
-0.66594
-0.66565
-0.66538
-0.66515
-0.66521
-0.66368
-0.66374
-0.66352
-0.66325
-0.66297
-0.66267
-0.66237
-0.66207
-0.66177
-0.66147
-0.66117
-0.66087
-0.66057
-0.66027
-0.65997
-0.65967
-0.65938
-0.65908
-0.65879
-0.65849
-0.6582
-0.65791
-0.65762
-0.65733
-0.65704
-0.65676
-0.65648
-0.6562
-0.65592
-0.65565
-0.65538
-0.65511
-0.65485
-0.6546
-0.65437
-0.65413
-0.65389
-0.65363
-0.65337
-0.6531
-0.65283
-0.65255
-0.65228
-0.652
-0.65171
-0.65143
-0.65115
-0.65086
-0.65057
-0.65028
-0.65
-0.6497
-0.64941
-0.64912
-0.64883
-0.64853
-0.64824
-0.64794
-0.64765
-0.64735
-0.64705
-0.64676
-0.64646
-0.64616
-0.64586
-0.64556
-0.64526
-0.64496
-0.64466
-0.64436
-0.64405
-0.64375
-0.64345
-0.64315
-0.64284
-0.64254
-0.64224
-0.64193
-0.64163
-0.64132
-0.64102
-0.64071
-0.64041
-0.6401
-0.63979
-0.63949
-0.63919
-0.63888
-0.63858
-0.63827
-0.63797
-0.63767
-0.63736
-0.63706
-0.63676
-0.63647
-0.63618
-0.63591
-0.63568
-0.63571
-0.63428
-0.63431
-0.63409
-0.63381
-0.63352
-0.63323
-0.63293
-0.63262
-0.63232
-0.63201
-0.6317
-0.63139
-0.63108
-0.63077
-0.63046
-0.63015
-0.62984
-0.62953
-0.62921
-0.6289
-0.62859
-0.62828
-0.62796
-0.62765
-0.62734
-0.62702
-0.62671
-0.62639
-0.62608
-0.62577
-0.62545
-0.62514
-0.62482
-0.62451
-0.62419
-0.62387
-0.62356
-0.62324
-0.62293
-0.62261
-0.62229
-0.62198
-0.62166
-0.62134
-0.62102
-0.62071
-0.62039
-0.62007
-0.61975
-0.61943
-0.61911
-0.6188
-0.61848
-0.61816
-0.61784
-0.61752
-0.6172
-0.61688
-0.61656
-0.61624
-0.61591
-0.61559
-0.61527
-0.61495
-0.61463
-0.61431
-0.61398
-0.61366
-0.61334
-0.61301
-0.61269
-0.61237
-0.61204
-0.61172
-0.61139
-0.61107
-0.61074
-0.61042
-0.61009
-0.60976
-0.60944
-0.60911
-0.60878
-0.60846
-0.60813
-0.6078
-0.60747
-0.60714
-0.60682
-0.60649
-0.60616
-0.60583
-0.6055
-0.60517
-0.60485
-0.60453
-0.60421
-0.6039
-0.60364
-0.60361
-0.60229
-0.60225
-0.60198
-0.60168
-0.60136
-0.60103
-0.60069
-0.60036
-0.60002
-0.59968
-0.59934
-0.59899
-0.59865
-0.5983
-0.59795
-0.5976
-0.59725
-0.59689
-0.59654
-0.59618
-0.59582
-0.59546
-0.59509
-0.59472
-0.59435
-0.59397
-0.59359
-0.59319
-0.59278
-0.59236
-0.59196
-0.59158
-0.5912
-0.59083
-0.59045
-0.59009
-0.58972
-0.58936
-0.58901
-0.58865
-0.58829
-0.58794
-0.58758
-0.58723
-0.58689
-0.58654
-0.58619
-0.58584
-0.5855
-0.58515
-0.58481
-0.58447
-0.58413
-0.58379
-0.58345
-0.58311
-0.58277
-0.58243
-0.58209
-0.58175
-0.58142
-0.58108
-0.58075
-0.58042
-0.58008
-0.57974
-0.57941
-0.57908
-0.57875
-0.57842
-0.57808
-0.57775
-0.57742
-0.57709
-0.57676
-0.57643
-0.5761
-0.57577
-0.57544
-0.57511
-0.57478
-0.57445
-0.57412
-0.57379
-0.57346
-0.57314
-0.57281
-0.57248
-0.57215
-0.57183
-0.5715
-0.57118
-0.57085
-0.57053
-0.5702
-0.56988
-0.56957
-0.56927
-0.56901
-0.56896
-0.56772
-0.56766
-0.5674
-0.5671
-0.56679
-0.56647
-0.56614
-0.56581
-0.56548
-0.56515
-0.56482
-0.56448
-0.56414
-0.56381
-0.56347
-0.56313
-0.56279
-0.56245
-0.5621
-0.56175
-0.5614
-0.56104
-0.56069
-0.56032
-0.55994
-0.55955
-0.55916
-0.55878
-0.55842
-0.55806
-0.55771
-0.55736
-0.55702
-0.55668
-0.55634
-0.55601
-0.55567
-0.55534
-0.55501
-0.55469
-0.55436
-0.55404
-0.55372
-0.5534
-0.55308
-0.55276
-0.55245
-0.55213
-0.55182
-0.55151
-0.5512
-0.55089
-0.55058
-0.55027
-0.54996
-0.54966
-0.54935
-0.54905
-0.54875
-0.54845
-0.54814
-0.54784
-0.54755
-0.54725
-0.54695
-0.54665
-0.54636
-0.54606
-0.54577
-0.54548
-0.54519
-0.54489
-0.5446
-0.54431
-0.54402
-0.54374
-0.54345
-0.54316
-0.54288
-0.54259
-0.54231
-0.54202
-0.54174
-0.54146
-0.54118
-0.5409
-0.54062
-0.54034
-0.54006
-0.53978
-0.5395
-0.53923
-0.53896
-0.53869
-0.53842
-0.53815
-0.53789
-0.53765
-0.53744
-0.53744
-0.53628
-0.53627
-0.53607
-0.53583
-0.53557
-0.53532
-0.53505
-0.53479
-0.53453
-0.53426
-0.534
-0.53373
-0.53347
-0.5332
-0.53294
-0.53268
-0.53241
-0.53215
-0.53189
-0.53163
-0.53137
-0.5311
-0.53084
-0.53058
-0.53032
-0.53007
-0.52981
-0.52955
-0.52929
-0.52903
-0.52878
-0.52852
-0.52826
-0.52801
-0.52775
-0.5275
-0.52724
-0.52699
-0.52674
-0.52648
-0.52623
-0.52598
-0.52573
-0.52548
-0.52523
-0.52498
-0.52473
-0.52448
-0.52423
-0.52398
-0.52373
-0.52349
-0.52324
-0.52299
-0.52275
-0.5225
-0.52226
-0.52201
-0.52177
-0.52152
-0.52128
-0.52104
-0.52079
-0.52055
-0.52031
-0.52007
-0.51983
-0.51959
-0.51935
-0.51911
-0.51887
-0.51863
-0.51839
-0.51815
-0.51791
-0.51768
-0.51744
-0.5172
-0.51697
-0.51673
-0.5165
-0.51626
-0.51603
-0.51579
-0.51556
-0.51533
-0.5151
-0.51487
-0.51464
-0.51441
-0.51418
-0.51395
-0.51372
-0.5135
-0.51327
-0.51305
-0.51284
-0.51264
-0.51248
-0.51252
-0.51141
-0.51145
-0.51129
-0.51109
-0.51088
-0.51067
-0.51045
-0.51023
-0.51001
-0.50979
-0.50957
-0.50934
-0.50912
-0.5089
-0.50868
-0.50846
-0.50824
-0.50802
-0.5078
-0.50758
-0.50736
-0.50714
-0.50692
-0.5067
-0.50648
-0.50626
-0.50604
-0.50583
-0.50561
-0.50539
-0.50518
-0.50496
-0.50474
-0.50453
-0.50431
-0.5041
-0.50388
-0.50367
-0.50345
-0.50324
-0.50303
-0.50281
-0.5026
-0.50239
-0.50218
-0.50197
-0.50176
-0.50154
-0.50133
-0.50112
-0.50091
-0.50071
-0.5005
-0.50029
-0.50008
-0.49987
-0.49966
-0.49946
-0.49925
-0.49904
-0.49884
-0.49863
-0.49842
-0.49822
-0.49801
-0.49781
-0.49761
-0.4974
-0.4972
-0.497
-0.49679
-0.49659
-0.49639
-0.49619
-0.49598
-0.49578
-0.49558
-0.49538
-0.49518
-0.49498
-0.49478
-0.49459
-0.49439
-0.49419
-0.49399
-0.4938
-0.4936
-0.4934
-0.49321
-0.49301
-0.49282
-0.49263
-0.49244
-0.49225
-0.49206
-0.49187
-0.4917
-0.49153
-0.49141
-0.49148
-0.4904
-0.49048
-0.49035
-0.49019
-0.49002
-0.48984
-0.48965
-0.48947
-0.48928
-0.48909
-0.48891
-0.48872
-0.48853
-0.48835
-0.48816
-0.48797
-0.48779
-0.4876
-0.48741
-0.48723
-0.48704
-0.48686
-0.48667
-0.48649
-0.4863
-0.48612
-0.48593
-0.48575
-0.48557
-0.48538
-0.4852
-0.48502
-0.48484
-0.48466
-0.48447
-0.48429
-0.48411
-0.48393
-0.48375
-0.48357
-0.48339
-0.48321
-0.48303
-0.48286
-0.48268
-0.4825
-0.48232
-0.48215
-0.48197
-0.48179
-0.48162
-0.48144
-0.48127
-0.48109
-0.48092
-0.48074
-0.48057
-0.48039
-0.48022
-0.48005
-0.47988
-0.4797
-0.47953
-0.47936
-0.47919
-0.47902
-0.47885
-0.47868
-0.47851
-0.47834
-0.47817
-0.478
-0.47783
-0.47767
-0.4775
-0.47733
-0.47717
-0.477
-0.47683
-0.47667
-0.4765
-0.47634
-0.47617
-0.47601
-0.47585
-0.47569
-0.47552
-0.47536
-0.4752
-0.47504
-0.47488
-0.47472
-0.47457
-0.47441
-0.47426
-0.47411
-0.47397
-0.47384
-0.47375
-0.47385
-0.47281
-0.47292
-0.47283
-0.4727
-0.47256
-0.47242
-0.47227
-0.47212
-0.47197
-0.47182
-0.47167
-0.47152
-0.47136
-0.47121
-0.47106
-0.47091
-0.47076
-0.47061
-0.47046
-0.47031
-0.47016
-0.47001
-0.46986
-0.46972
-0.46957
-0.46942
-0.46927
-0.46913
-0.46898
-0.46883
-0.46869
-0.46854
-0.4684
-0.46826
-0.46811
-0.46797
-0.46783
-0.46768
-0.46754
-0.4674
-0.46726
-0.46712
-0.46698
-0.46684
-0.4667
-0.46656
-0.46643
-0.46629
-0.46615
-0.46601
-0.46588
-0.46574
-0.46561
-0.46547
-0.46534
-0.46521
-0.46508
-0.46494
-0.46481
-0.46468
-0.46455
-0.46442
-0.46429
-0.46416
-0.46404
-0.46391
-0.46378
-0.46366
-0.46353
-0.46341
-0.46329
-0.46316
-0.46304
-0.46292
-0.4628
-0.46268
-0.46256
-0.46244
-0.46232
-0.46221
-0.46209
-0.46198
-0.46186
-0.46175
-0.46164
-0.46153
-0.46142
-0.46131
-0.4612
-0.4611
-0.46099
-0.46089
-0.46079
-0.4607
-0.4606
-0.46051
-0.46043
-0.46036
-0.46034
-0.46051
-0.45954
-0.45971
-0.45969
-0.45964
-0.45957
-0.45951
-0.45944
-0.45938
-0.45932
-0.45927
-0.45924
-0.45921
-0.45915
-0.45909
-0.45903
-0.45896
-0.45888
-0.4588
-0.45872
-0.45864
-0.45856
-0.45847
-0.45838
-0.45829
-0.4582
-0.45811
-0.45802
-0.45793
-0.45783
-0.45774
-0.45765
-0.45755
-0.45746
-0.45736
-0.45726
-0.45717
-0.45707
-0.45697
-0.45687
-0.45677
-0.45668
-0.45658
-0.45648
-0.45638
-0.45628
-0.45618
-0.45608
-0.45598
-0.45588
-0.45578
-0.45568
-0.45558
-0.45548
-0.45538
-0.45527
-0.45517
-0.45508
-0.45498
-0.45487
-0.45477
-0.45467
-0.45457
-0.45447
-0.45437
-0.45427
-0.45417
-0.45408
-0.45398
-0.45388
-0.45378
-0.45368
-0.45358
-0.45349
-0.45339
-0.45329
-0.45319
-0.4531
-0.45301
-0.45291
-0.45282
-0.45272
-0.45262
-0.45253
-0.45244
-0.45235
-0.45226
-0.45217
-0.45208
-0.452
-0.45191
-0.45182
-0.45174
-0.45166
-0.45158
-0.45151
-0.45143
-0.45137
-0.45132
-0.45131
-0.45149
-0.45059
-0.45077
-0.45077
-0.45074
-0.4507
-0.45066
-0.45064
-0.45063
-0.45061
-0.45057
-0.45052
-0.45046
-0.4504
-0.45034
-0.45027
-0.45019
-0.45011
-0.45003
-0.44995
-0.44987
-0.44978
-0.44969
-0.4496
-0.44951
-0.44942
-0.44932
-0.44923
-0.44913
-0.44903
-0.44893
-0.44883
-0.44873
-0.44862
-0.44852
-0.44841
-0.44831
-0.4482
-0.44809
-0.44798
-0.44787
-0.44776
-0.44765
-0.44754
-0.44742
-0.44731
-0.44719
-0.44708
-0.44696
-0.44684
-0.44672
-0.4466
-0.44648
-0.44636
-0.44625
-0.44612
-0.446
-0.44588
-0.44575
-0.44563
-0.4455
-0.44538
-0.44525
-0.44513
-0.445
-0.44487
-0.44474
-0.44461
-0.44448
-0.44436
-0.44422
-0.44409
-0.44396
-0.44383
-0.4437
-0.44356
-0.44343
-0.44329
-0.44316
-0.44302
-0.44289
-0.44275
-0.44261
-0.44248
-0.44234
-0.4422
-0.44206
-0.44192
-0.44178
-0.44164
-0.44151
-0.44137
-0.44123
-0.44109
-0.44095
-0.44081
-0.44068
-0.44054
-0.44042
-0.44033
-0.44039
-0.43955
-0.43961
-0.43951
-0.43939
-0.43925
-0.43912
-0.43897
-0.43882
-0.43868
-0.43853
-0.43838
-0.43823
-0.43808
-0.43793
-0.43777
-0.43762
-0.43747
-0.43731
-0.43716
-0.437
-0.43685
-0.43669
-0.43653
-0.43637
-0.43622
-0.43606
-0.4359
-0.43574
-0.43558
-0.43542
-0.43525
-0.43509
-0.43493
-0.43477
-0.4346
-0.43444
-0.43427
-0.43411
-0.43394
-0.43378
-0.43361
-0.43344
-0.43328
-0.43311
-0.43294
-0.43277
-0.4326
-0.43243
-0.43226
-0.43209
-0.43191
-0.43174
-0.43156
-0.43139
-0.43122
-0.43104
-0.43086
-0.43069
-0.43051
-0.43033
-0.43015
-0.42997
-0.42979
-0.42961
-0.42943
-0.42924
-0.42906
-0.42888
-0.42869
-0.42851
-0.42832
-0.42813
-0.42794
-0.42775
-0.42756
-0.42737
-0.42719
-0.42699
-0.4268
-0.4266
-0.42641
-0.42621
-0.42601
-0.42581
-0.42561
-0.42541
-0.42521
-0.425
-0.4248
-0.42459
-0.42438
-0.42417
-0.42396
-0.42374
-0.42353
-0.42331
-0.4231
-0.42289
-0.4227
-0.42263
-0.4218
-0.42171
-0.42149
-0.42126
-0.42103
-0.4208
-0.42058
-0.42035
-0.42013
-0.41991
-0.41969
-0.41947
-0.41926
-0.41905
-0.41883
-0.41862
-0.41841
-0.4182
-0.41799
-0.41777
-0.41756
-0.41735
-0.41714
-0.41693
-0.41673
-0.41652
-0.41632
-0.41611
-0.41591
-0.4157
-0.4155
-0.41529
-0.41509
-0.41488
-0.41468
-0.41447
-0.41426
-0.41406
-0.41386
-0.41365
-0.41345
-0.41325
-0.41304
-0.41284
-0.41264
-0.41243
-0.41223
-0.41202
-0.41182
-0.41161
-0.4114
-0.4112
-0.411
-0.4108
-0.41059
-0.41039
-0.41018
-0.40998
-0.40977
-0.40956
-0.40936
-0.40915
-0.40894
-0.40873
-0.40852
-0.40832
-0.40811
-0.4079
-0.40769
-0.40748
-0.40727
-0.40706
-0.40685
-0.40664
-0.40642
-0.40621
-0.40599
-0.40577
-0.40556
-0.40535
-0.40513
-0.40491
-0.40469
-0.40447
-0.40425
-0.40402
-0.4038
-0.40357
-0.40334
-0.40311
-0.40287
-0.40264
-0.40241
-0.40217
-0.40192
-0.40167
-0.40142
-0.40116
-0.40091
-0.40077
-0.40001
-0.3999
-0.39969
-0.39947
-0.39924
-0.39901
-0.39878
-0.39856
-0.39833
-0.39811
-0.39789
-0.39767
-0.39745
-0.39724
-0.39702
-0.39681
-0.3966
-0.39639
-0.39618
-0.39597
-0.39577
-0.39556
-0.39536
-0.39515
-0.39495
-0.39475
-0.39455
-0.39435
-0.39415
-0.39395
-0.39375
-0.39356
-0.39336
-0.39317
-0.39297
-0.39278
-0.39258
-0.39239
-0.3922
-0.39201
-0.39182
-0.39163
-0.39144
-0.39125
-0.39107
-0.39088
-0.39069
-0.39051
-0.39032
-0.39014
-0.38995
-0.38977
-0.38959
-0.3894
-0.38922
-0.38904
-0.38886
-0.38868
-0.3885
-0.38832
-0.38814
-0.38796
-0.38778
-0.3876
-0.38743
-0.38725
-0.38707
-0.3869
-0.38672
-0.38655
-0.38637
-0.3862
-0.38602
-0.38585
-0.38568
-0.3855
-0.38533
-0.38516
-0.38499
-0.38482
-0.38465
-0.38448
-0.38431
-0.38414
-0.38397
-0.3838
-0.38363
-0.38346
-0.3833
-0.38313
-0.38296
-0.3828
-0.38264
-0.38247
-0.38231
-0.38215
-0.38199
-0.38185
-0.38172
-0.38171
-0.38104
-0.38103
-0.3809
-0.38076
-0.3806
-0.38045
-0.38029
-0.38013
-0.37997
-0.37981
-0.37965
-0.37949
-0.37933
-0.37917
-0.37901
-0.37885
-0.37869
-0.37854
-0.37838
-0.37822
-0.37806
-0.3779
-0.37775
-0.37759
-0.37743
-0.37727
-0.37712
-0.37696
-0.3768
-0.37665
-0.37649
-0.37634
-0.37618
-0.37603
-0.37587
-0.37572
-0.37556
-0.37541
-0.37526
-0.3751
-0.37495
-0.3748
-0.37464
-0.37449
-0.37434
-0.37419
-0.37404
-0.37388
-0.37373
-0.37358
-0.37343
-0.37328
-0.37313
-0.37298
-0.37283
-0.37268
-0.37253
-0.37238
-0.37223
-0.37208
-0.37193
-0.37178
-0.37164
-0.37149
-0.37134
-0.37119
-0.37104
-0.3709
-0.37075
-0.3706
-0.37046
-0.37031
-0.37016
-0.37002
-0.36987
-0.36973
-0.36958
-0.36944
-0.36929
-0.36915
-0.369
-0.36886
-0.36872
-0.36857
-0.36843
-0.36829
-0.36814
-0.368
-0.36786
-0.36772
-0.36758
-0.36743
-0.36729
-0.36716
-0.36702
-0.36688
-0.36675
-0.36662
-0.36652
-0.36653
-0.36589
-0.3659
-0.3658
-0.36567
-0.36554
-0.36541
-0.36527
-0.36514
-0.365
-0.36486
-0.36473
-0.36459
-0.36445
-0.36431
-0.36417
-0.36404
-0.3639
-0.36376
-0.36363
-0.36349
-0.36335
-0.36321
-0.36308
-0.36294
-0.3628
-0.36267
-0.36253
-0.3624
-0.36226
-0.36212
-0.36199
-0.36185
-0.36172
-0.36158
-0.36145
-0.36131
-0.36118
-0.36104
-0.36091
-0.36078
-0.36064
-0.36051
-0.36037
-0.36024
-0.36011
-0.35997
-0.35984
-0.35971
-0.35957
-0.35944
-0.35931
-0.35918
-0.35905
-0.35891
-0.35878
-0.35865
-0.35852
-0.35839
-0.35826
-0.35812
-0.35799
-0.35786
-0.35773
-0.3576
-0.35747
-0.35734
-0.35721
-0.35708
-0.35695
-0.35682
-0.35669
-0.35656
-0.35643
-0.35631
-0.35618
-0.35605
-0.35592
-0.35579
-0.35566
-0.35554
-0.35541
-0.35528
-0.35515
-0.35503
-0.3549
-0.35477
-0.35465
-0.35452
-0.35439
-0.35427
-0.35414
-0.35402
-0.35389
-0.35377
-0.35365
-0.35353
-0.35341
-0.3533
-0.35322
-0.35324
-0.35262
-0.35264
-0.35256
-0.35245
-0.35233
-0.35221
-0.35209
-0.35197
-0.35185
-0.35173
-0.35161
-0.35148
-0.35136
-0.35124
-0.35112
-0.35099
-0.35087
-0.35075
-0.35063
-0.3505
-0.35038
-0.35026
-0.35014
-0.35002
-0.34989
-0.34977
-0.34965
-0.34953
-0.34941
-0.34929
-0.34916
-0.34904
-0.34892
-0.3488
-0.34868
-0.34856
-0.34844
-0.34832
-0.3482
-0.34808
-0.34796
-0.34784
-0.34772
-0.3476
-0.34748
-0.34736
-0.34724
-0.34712
-0.347
-0.34688
-0.34677
-0.34665
-0.34653
-0.34641
-0.34629
-0.34617
-0.34606
-0.34594
-0.34582
-0.3457
-0.34559
-0.34547
-0.34535
-0.34523
-0.34512
-0.345
-0.34488
-0.34477
-0.34465
-0.34453
-0.34442
-0.3443
-0.34418
-0.34407
-0.34395
-0.34384
-0.34372
-0.34361
-0.34349
-0.34338
-0.34326
-0.34315
-0.34303
-0.34292
-0.3428
-0.34269
-0.34258
-0.34246
-0.34235
-0.34224
-0.34212
-0.34201
-0.3419
-0.34179
-0.34168
-0.34157
-0.34147
-0.34137
-0.3413
-0.34133
-0.34072
-0.34076
-0.34068
-0.34059
-0.34049
-0.34038
-0.34027
-0.34016
-0.34005
-0.33994
-0.33983
-0.33972
-0.33961
-0.3395
-0.33939
-0.33928
-0.33917
-0.33906
-0.33895
-0.33884
-0.33873
-0.33862
-0.33851
-0.33839
-0.33828
-0.33817
-0.33806
-0.33795
-0.33785
-0.33774
-0.33763
-0.33752
-0.33741
-0.3373
-0.33719
-0.33708
-0.33697
-0.33686
-0.33675
-0.33664
-0.33654
-0.33643
-0.33632
-0.33621
-0.3361
-0.33599
-0.33589
-0.33578
-0.33567
-0.33556
-0.33546
-0.33535
-0.33524
-0.33513
-0.33503
-0.33492
-0.33481
-0.33471
-0.3346
-0.33449
-0.33439
-0.33428
-0.33417
-0.33407
-0.33396
-0.33386
-0.33375
-0.33364
-0.33354
-0.33343
-0.33333
-0.33322
-0.33312
-0.33301
-0.33291
-0.3328
-0.3327
-0.33259
-0.33249
-0.33238
-0.33228
-0.33218
-0.33207
-0.33197
-0.33186
-0.33176
-0.33166
-0.33155
-0.33145
-0.33135
-0.33125
-0.33115
-0.33104
-0.33094
-0.33085
-0.33075
-0.33065
-0.33057
-0.3305
-0.33055
-0.32995
-0.33
-0.32993
-0.32985
-0.32976
-0.32966
-0.32956
-0.32946
-0.32936
-0.32926
-0.32916
-0.32906
-0.32896
-0.32886
-0.32876
-0.32866
-0.32856
-0.32846
-0.32836
-0.32826
-0.32816
-0.32806
-0.32796
-0.32786
-0.32776
-0.32766
-0.32756
-0.32746
-0.32736
-0.32726
-0.32716
-0.32706
-0.32696
-0.32686
-0.32676
-0.32666
-0.32656
-0.32647
-0.32637
-0.32627
-0.32617
-0.32607
-0.32597
-0.32587
-0.32577
-0.32568
-0.32558
-0.32548
-0.32538
-0.32528
-0.32519
-0.32509
-0.32499
-0.32489
-0.3248
-0.3247
-0.3246
-0.3245
-0.32441
-0.32431
-0.32421
-0.32412
-0.32402
-0.32392
-0.32383
-0.32373
-0.32363
-0.32354
-0.32344
-0.32335
-0.32325
-0.32315
-0.32306
-0.32296
-0.32287
-0.32277
-0.32268
-0.32258
-0.32249
-0.32239
-0.3223
-0.3222
-0.32211
-0.32201
-0.32192
-0.32182
-0.32173
-0.32164
-0.32154
-0.32145
-0.32136
-0.32126
-0.32117
-0.32108
-0.32099
-0.3209
-0.32082
-0.32074
-0.32069
-0.32075
-0.32015
-0.32021
-0.32015
-0.32008
-0.31999
-0.31991
-0.31982
-0.31973
-0.31964
-0.31955
-0.31946
-0.31937
-0.31927
-0.31918
-0.31909
-0.319
-0.31891
-0.31882
-0.31873
-0.31863
-0.31854
-0.31845
-0.31836
-0.31827
-0.31818
-0.31809
-0.318
-0.3179
-0.31781
-0.31772
-0.31763
-0.31754
-0.31745
-0.31736
-0.31727
-0.31718
-0.31709
-0.317
-0.31691
-0.31682
-0.31673
-0.31664
-0.31655
-0.31646
-0.31637
-0.31628
-0.31619
-0.3161
-0.31601
-0.31592
-0.31583
-0.31575
-0.31566
-0.31557
-0.31548
-0.31539
-0.3153
-0.31521
-0.31513
-0.31504
-0.31495
-0.31486
-0.31477
-0.31468
-0.3146
-0.31451
-0.31442
-0.31433
-0.31425
-0.31416
-0.31407
-0.31398
-0.3139
-0.31381
-0.31372
-0.31364
-0.31355
-0.31346
-0.31338
-0.31329
-0.3132
-0.31312
-0.31303
-0.31294
-0.31286
-0.31277
-0.31269
-0.3126
-0.31252
-0.31243
-0.31235
-0.31226
-0.31218
-0.3121
-0.31202
-0.31194
-0.31186
-0.31179
-0.31175
-0.31181
-0.31123
-0.31129
-0.31125
-0.31118
-0.3111
-0.31102
-0.31094
-0.31086
-0.31078
-0.3107
-0.31061
-0.31053
-0.31045
-0.31037
-0.31028
-0.3102
-0.31012
-0.31003
-0.30995
-0.30987
-0.30978
-0.3097
-0.30962
-0.30953
-0.30945
-0.30937
-0.30929
-0.3092
-0.30912
-0.30904
-0.30895
-0.30887
-0.30879
-0.30871
-0.30863
-0.30854
-0.30846
-0.30838
-0.3083
-0.30822
-0.30813
-0.30805
-0.30797
-0.30789
-0.30781
-0.30773
-0.30764
-0.30756
-0.30748
-0.3074
-0.30732
-0.30724
-0.30716
-0.30708
-0.307
-0.30692
-0.30683
-0.30675
-0.30667
-0.30659
-0.30651
-0.30643
-0.30635
-0.30627
-0.30619
-0.30611
-0.30603
-0.30595
-0.30587
-0.30579
-0.30572
-0.30564
-0.30556
-0.30548
-0.3054
-0.30532
-0.30524
-0.30516
-0.30508
-0.305
-0.30493
-0.30485
-0.30477
-0.30469
-0.30461
-0.30454
-0.30446
-0.30438
-0.3043
-0.30423
-0.30415
-0.30407
-0.304
-0.30392
-0.30385
-0.30378
-0.30371
-0.30365
-0.30361
-0.30369
-0.30311
-0.30318
-0.30314
-0.30308
-0.30301
-0.30294
-0.30287
-0.3028
-0.30272
-0.30265
-0.30257
-0.3025
-0.30242
-0.30235
-0.30227
-0.3022
-0.30212
-0.30205
-0.30197
-0.3019
-0.30182
-0.30174
-0.30167
-0.30159
-0.30152
-0.30144
-0.30137
-0.30129
-0.30122
-0.30114
-0.30107
-0.30099
-0.30092
-0.30084
-0.30077
-0.3007
-0.30062
-0.30055
-0.30047
-0.3004
-0.30032
-0.30025
-0.30018
-0.3001
-0.30003
-0.29995
-0.29988
-0.29981
-0.29973
-0.29966
-0.29959
-0.29951
-0.29944
-0.29937
-0.29929
-0.29922
-0.29915
-0.29907
-0.299
-0.29893
-0.29886
-0.29878
-0.29871
-0.29864
-0.29857
-0.29849
-0.29842
-0.29835
-0.29828
-0.29821
-0.29813
-0.29806
-0.29799
-0.29792
-0.29785
-0.29778
-0.29771
-0.29763
-0.29756
-0.29749
-0.29742
-0.29735
-0.29728
-0.29721
-0.29714
-0.29707
-0.297
-0.29693
-0.29686
-0.29679
-0.29672
-0.29665
-0.29658
-0.29652
-0.29645
-0.29639
-0.29633
-0.29627
-0.29624
-0.29632
-0.29575
-0.29584
-0.2958
-0.29575
-0.29569
-0.29563
-0.29556
-0.2955
-0.29543
-0.29536
-0.2953
-0.29523
-0.29516
-0.29509
-0.29502
-0.29496
-0.29489
-0.29482
-0.29475
-0.29468
-0.29462
-0.29455
-0.29448
-0.29441
-0.29435
-0.29428
-0.29421
-0.29414
-0.29408
-0.29401
-0.29394
-0.29387
-0.29381
-0.29374
-0.29367
-0.2936
-0.29354
-0.29347
-0.2934
-0.29334
-0.29327
-0.2932
-0.29314
-0.29307
-0.293
-0.29294
-0.29287
-0.29281
-0.29274
-0.29267
-0.29261
-0.29254
-0.29248
-0.29241
-0.29235
-0.29228
-0.29221
-0.29215
-0.29208
-0.29202
-0.29195
-0.29189
-0.29182
-0.29176
-0.29169
-0.29163
-0.29156
-0.2915
-0.29143
-0.29137
-0.29131
-0.29124
-0.29118
-0.29111
-0.29105
-0.29099
-0.29092
-0.29086
-0.29079
-0.29073
-0.29067
-0.2906
-0.29054
-0.29048
-0.29041
-0.29035
-0.29029
-0.29023
-0.29017
-0.2901
-0.29004
-0.28998
-0.28992
-0.28986
-0.2898
-0.28975
-0.28969
-0.28965
-0.28962
-0.28971
-0.28915
-0.28924
-0.28921
-0.28917
-0.28912
-0.28906
-0.289
-0.28895
-0.28889
-0.28883
-0.28877
-0.28871
-0.28865
-0.28859
-0.28852
-0.28846
-0.2884
-0.28834
-0.28828
-0.28822
-0.28816
-0.2881
-0.28804
-0.28798
-0.28792
-0.28786
-0.2878
-0.28774
-0.28768
-0.28762
-0.28756
-0.2875
-0.28744
-0.28738
-0.28732
-0.28726
-0.2872
-0.28714
-0.28709
-0.28703
-0.28697
-0.28691
-0.28685
-0.28679
-0.28673
-0.28667
-0.28661
-0.28656
-0.2865
-0.28644
-0.28638
-0.28632
-0.28626
-0.28621
-0.28615
-0.28609
-0.28603
-0.28597
-0.28592
-0.28586
-0.2858
-0.28574
-0.28569
-0.28563
-0.28557
-0.28552
-0.28546
-0.2854
-0.28534
-0.28529
-0.28523
-0.28517
-0.28512
-0.28506
-0.285
-0.28495
-0.28489
-0.28484
-0.28478
-0.28472
-0.28467
-0.28461
-0.28456
-0.2845
-0.28445
-0.28439
-0.28434
-0.28428
-0.28423
-0.28417
-0.28412
-0.28407
-0.28401
-0.28396
-0.28391
-0.28386
-0.28382
-0.28378
-0.28376
-0.28386
-0.28331
-0.2834
-0.28339
-0.28335
-0.2833
-0.28326
-0.28321
-0.28316
-0.2831
-0.28305
-0.283
-0.28295
-0.2829
-0.28284
-0.28279
-0.28274
-0.28269
-0.28263
-0.28258
-0.28253
-0.28248
-0.28242
-0.28237
-0.28232
-0.28227
-0.28221
-0.28216
-0.28211
-0.28206
-0.28201
-0.28195
-0.2819
-0.28185
-0.2818
-0.28175
-0.2817
-0.28164
-0.28159
-0.28154
-0.28149
-0.28144
-0.28139
-0.28134
-0.28129
-0.28124
-0.28119
-0.28113
-0.28108
-0.28103
-0.28098
-0.28093
-0.28088
-0.28083
-0.28078
-0.28073
-0.28068
-0.28063
-0.28058
-0.28053
-0.28048
-0.28044
-0.28039
-0.28034
-0.28029
-0.28024
-0.28019
-0.28014
-0.28009
-0.28004
-0.28
-0.27995
-0.2799
-0.27985
-0.2798
-0.27975
-0.27971
-0.27966
-0.27961
-0.27956
-0.27952
-0.27947
-0.27942
-0.27937
-0.27933
-0.27928
-0.27923
-0.27919
-0.27914
-0.27909
-0.27905
-0.279
-0.27896
-0.27891
-0.27887
-0.27883
-0.27879
-0.27875
-0.27872
-0.27871
-0.27882
-0.27827
-0.27838
-0.27837
-0.27834
-0.27831
-0.27827
-0.27823
-0.27818
-0.27814
-0.2781
-0.27805
-0.27801
-0.27797
-0.27792
-0.27788
-0.27783
-0.27779
-0.27775
-0.2777
-0.27766
-0.27762
-0.27757
-0.27753
-0.27748
-0.27744
-0.2774
-0.27735
-0.27731
-0.27727
-0.27723
-0.27718
-0.27714
-0.2771
-0.27705
-0.27701
-0.27697
-0.27693
-0.27688
-0.27684
-0.2768
-0.27676
-0.27672
-0.27667
-0.27663
-0.27659
-0.27655
-0.27651
-0.27647
-0.27642
-0.27638
-0.27634
-0.2763
-0.27626
-0.27622
-0.27618
-0.27614
-0.2761
-0.27606
-0.27602
-0.27598
-0.27594
-0.2759
-0.27586
-0.27582
-0.27578
-0.27574
-0.2757
-0.27566
-0.27562
-0.27558
-0.27554
-0.2755
-0.27546
-0.27543
-0.27539
-0.27535
-0.27531
-0.27527
-0.27523
-0.2752
-0.27516
-0.27512
-0.27508
-0.27505
-0.27501
-0.27497
-0.27494
-0.2749
-0.27486
-0.27483
-0.27479
-0.27476
-0.27472
-0.27469
-0.27466
-0.27463
-0.2746
-0.27458
-0.27458
-0.2747
-0.27416
-0.27428
-0.27428
-0.27426
-0.27424
-0.27421
-0.27418
-0.27414
-0.27411
-0.27408
-0.27405
-0.27401
-0.27398
-0.27394
-0.27391
-0.27388
-0.27384
-0.27381
-0.27378
-0.27374
-0.27371
-0.27368
-0.27365
-0.27361
-0.27358
-0.27355
-0.27351
-0.27348
-0.27345
-0.27342
-0.27338
-0.27335
-0.27332
-0.27329
-0.27326
-0.27323
-0.27319
-0.27316
-0.27313
-0.2731
-0.27307
-0.27304
-0.27301
-0.27298
-0.27295
-0.27292
-0.27289
-0.27286
-0.27283
-0.2728
-0.27277
-0.27274
-0.27271
-0.27268
-0.27265
-0.27262
-0.27259
-0.27256
-0.27253
-0.27251
-0.27248
-0.27245
-0.27242
-0.27239
-0.27237
-0.27234
-0.27231
-0.27228
-0.27226
-0.27223
-0.2722
-0.27217
-0.27215
-0.27212
-0.2721
-0.27207
-0.27204
-0.27202
-0.27199
-0.27197
-0.27194
-0.27192
-0.27189
-0.27187
-0.27184
-0.27182
-0.27179
-0.27177
-0.27175
-0.27172
-0.2717
-0.27168
-0.27166
-0.27164
-0.27162
-0.2716
-0.27159
-0.27158
-0.2716
-0.27173
-0.2712
-0.27133
-0.27135
-0.27134
-0.27133
-0.27131
-0.2713
-0.27128
-0.27126
-0.27124
-0.27122
-0.2712
-0.27118
-0.27116
-0.27114
-0.27112
-0.2711
-0.27108
-0.27107
-0.27105
-0.27103
-0.27101
-0.27099
-0.27097
-0.27095
-0.27094
-0.27092
-0.2709
-0.27088
-0.27087
-0.27085
-0.27083
-0.27081
-0.2708
-0.27078
-0.27076
-0.27075
-0.27073
-0.27072
-0.2707
-0.27068
-0.27067
-0.27065
-0.27064
-0.27062
-0.27061
-0.2706
-0.27058
-0.27057
-0.27055
-0.27054
-0.27053
-0.27051
-0.2705
-0.27049
-0.27048
-0.27046
-0.27045
-0.27044
-0.27043
-0.27042
-0.27041
-0.2704
-0.27038
-0.27037
-0.27036
-0.27035
-0.27034
-0.27033
-0.27033
-0.27032
-0.27031
-0.2703
-0.27029
-0.27028
-0.27027
-0.27027
-0.27026
-0.27025
-0.27025
-0.27024
-0.27023
-0.27023
-0.27022
-0.27022
-0.27021
-0.27021
-0.2702
-0.2702
-0.27019
-0.27019
-0.27019
-0.27019
-0.27019
-0.27019
-0.27019
-0.2702
-0.27021
-0.27025
-0.2704
-0.2699
-0.27005
-0.27008
-0.2701
-0.27011
-0.27011
-0.27012
-0.27012
-0.27012
-0.27013
-0.27013
-0.27013
-0.27013
-0.27014
-0.27014
-0.27014
-0.27015
-0.27015
-0.27015
-0.27016
-0.27016
-0.27017
-0.27017
-0.27018
-0.27018
-0.27019
-0.2702
-0.2702
-0.27021
-0.27022
-0.27023
-0.27023
-0.27024
-0.27025
-0.27026
-0.27027
-0.27028
-0.27029
-0.2703
-0.27031
-0.27032
-0.27033
-0.27035
-0.27036
-0.27037
-0.27038
-0.2704
-0.27041
-0.27043
-0.27044
-0.27046
-0.27047
-0.27049
-0.2705
-0.27052
-0.27054
-0.27056
-0.27057
-0.27059
-0.27061
-0.27063
-0.27065
-0.27067
-0.27069
-0.27071
-0.27074
-0.27076
-0.27078
-0.27081
-0.27083
-0.27085
-0.27088
-0.2709
-0.27093
-0.27096
-0.27098
-0.27101
-0.27104
-0.27107
-0.2711
-0.27113
-0.27116
-0.27119
-0.27122
-0.27125
-0.27129
-0.27132
-0.27135
-0.27139
-0.27143
-0.27146
-0.2715
-0.27154
-0.27158
-0.27162
-0.27167
-0.27172
-0.27177
-0.27185
-0.27204
-0.27159
-0.27178
-0.27186
-0.27192
-0.27198
-0.27203
-0.27208
-0.27213
-0.27218
-0.27223
-0.27228
-0.27234
-0.27239
-0.27244
-0.2725
-0.27255
-0.27261
-0.27266
-0.27272
-0.27278
-0.27284
-0.2729
-0.27296
-0.27302
-0.27308
-0.27314
-0.27321
-0.27327
-0.27334
-0.27341
-0.27348
-0.27355
-0.27362
-0.27369
-0.27376
-0.27384
-0.27391
-0.27399
-0.27407
-0.27415
-0.27423
-0.27431
-0.27439
-0.27448
-0.27456
-0.27465
-0.27474
-0.27483
-0.27492
-0.27501
-0.27511
-0.2752
-0.2753
-0.2754
-0.2755
-0.27561
-0.27571
-0.27582
-0.27592
-0.27603
-0.27615
-0.27626
-0.27638
-0.27649
-0.27661
-0.27674
-0.27686
-0.27699
-0.27712
-0.27725
-0.27738
-0.27752
-0.27766
-0.2778
-0.27794
-0.27809
-0.27824
-0.27839
-0.27854
-0.2787
-0.27886
-0.27903
-0.2792
-0.27937
-0.27954
-0.27972
-0.2799
-0.28009
-0.28028
-0.28048
-0.28067
-0.28088
-0.28109
-0.2813
-0.28152
-0.28175
-0.28198
-0.28223
-0.28251
-0.2829
-0.28265
-0.28306
-0.28336
-0.28365
-0.28393
-0.28422
-0.28452
-0.28482
-0.28513
-0.28545
-0.28577
-0.28611
-0.28646
-0.28682
-0.28719
-0.28757
-0.28796
-0.28837
-0.28879
-0.28923
-0.28968
-0.29015
-0.29064
-0.29116
-0.29169
-0.29224
-0.29283
-0.29343
-0.29407
-0.29475
-0.29546
-0.29621
-0.297
-0.29784
-0.29874
-0.29971
-0.30075
-0.30187
-0.30309
-0.30442
-0.3059
-0.30754
-0.3094
-0.31153
-0.31402
-0.31703
-0.3208
-0.32584
-0.33344
-0.34869